2887
101
3107
464
2434
3457
3193
2226
4162
2227
608
1073
275
2793
1072
2609
2036
2606
2993
2132
2128
1949
3106
2030
3882
4416
2870
1266
103
793
2609
4248
1938
2609
3981
884
2030
981
2422
4433
3717
1371
2142
2142
981
1074
3107
1839
1646
4073
2868
4608
3175
1938
2993
2324
884
103
3808
3277
1166
3369
3790
4679
4056
4235
2979
559
1260
4234
608
2889
374
188
2231
698
2517
3717
981
460
2608
4337
2694
3529
4698
3089
3107
2037
4253
4678
371
1561
2421
2419
4433
1658
2699
105
3703
102
3259
3791
281
277
2045
2431
3016
4236
2978
2133
3982
4609
4502
3348
793
2799
2517
1360
2994
4252
4503
2127
1949
1745
1362
3717
2419
4251
1646
196
189
989
1754
4068
604
3613
697
4070
1949
101
4698
4345
4589
2323
3967
1167
975
3529
1744
3967
3018
4600
3982
3281
799
281
1074
3174
1263
1277
3107
1836
4515
1266
4516
610
2607
4522
1949
1167
1658
1852
883
4055
612
281
3717
3700
2516
2127
1546
2321
3175
981
2527
1465
4072
178
2884
4541
3194
4253
4629
3717
2516
1744
4519
4521
2691
3368
1937
4690
2322
2421
4515
619
884
2692
3281
2781
2326
1745
3457
3194
3089
2229
3280
2226
2700
3368
2142
1179
2612
3281
1933
2887
3440
699
3897
3718
3457
4277
103
791
3349
4236
3106
2870
3807
3715
2977
459
3546
1360
1276
189
2127
4344
3194
468
697
2424
2424
102
188
4343
4427
788
3528
2887
4698
1839
3281
3364
1361
788
4689
3018
2887
2781
3632
4503
882
2887
2610
3262
3456
2869
2612
884
189
4073
1745
4145
2226
4235
1742
1454
792
1453
372
454
4503
454
101
2127
2994
789
4145
3349
547
106
2037
2794
3714
2691
2224
1744
3175
4697
885
883
3194
3017
791
2608
1840
604
1550
4589
4251
3047
2044
1266
2694
1933
2230
2418
3808
3262
1851
2037
3195
2867
4276
4413
3089
3546
3630
3279
3546
4417
454
3615
1370
1933
2800
2694
2612
2797
2695
3899
3016
2423
610
792
2035
3614
697
2131
103
2325
1643
3279
375
1746
1266
4252
3017
2609
885
4521
4433
2796
4678
2517
548
372
3439
1550
4608
3702
2325
4679
457
4514
3704
3280
3630
3108
371
4158
1260
4072
369
981
610
2978
3349
2612
3715
4454
3263
3279
1266
1076
698
884
3983
1357
4629
4324
3616
3546
1260
2419
3898
697
4252
3019
2604
4072
3631
1360
3367
4514
2034
189
4434
3718
3108
4251
3543
3349
2888
2325
885
4690
2030
2419
3898
3546
1074
1746
3017
4343
1642
1646
2335
3718
4158
2517
3790
3529
4325
2798
4434
1851
1361
608
1084
3981
3983
3719
2419
3547
1938
894
2603
2029
979
2226
881
2517
1084
3982
4071
4072
3280
101
2606
103
189
277
2326
2228
886
3439
3457
276
3631
2608
4325
639
981
194
3368
1949
1370
1551
4608
2230
1742
1851
2781
188
2327
4251
1168
363
2607
277
2610
371
2230
4425
103
2516
2424
1949
1170
2335
2888
3983
3106
2782
3107
3018
3808
2434
2799
791
3456
2516
4608
1648
2419
4367
1643
4097
3631
2889
3629
544
1642
3438
2781
4098
3456
2781
2608
373
4425
1370
3629
3616
4416
4158
3700
4236
3631
4250
2958
2976
374
103
3807
884
2798
2694
1643
3369
793
544
707
103
3982
2610
1561
3980
1938
2607
792
2127
3701
4519
979
4698
188
3899
1561
3895
3088
4609
2958
4691
2322
4541
979
1851
3261
799
4345
4601
2129
2868
793
3370
2322
3630
4145
1549
1074
3546
3175
2030
3614
2884
4601
1267
2993
3458
4072
2796
885
3701
1739
102
281
456
4697
2692
203
4522
791
3546
3195
3279
3368
979
1454
3174
369
2326
1744
2612
2793
2868
3630
188
281
274
3894
3701
102
2518
3280
1646
2321
2957
3808
1851
4248
2030
2230
463
3718
1647
1937
3174
3808
2977
3715
2868
2884
1455
374
2226
3439
1658
2781
4097
3967
3898
3280
2324
2325
4345
2781
2423
3629
1851
2603
1357
3804
277
3019
2978
189
2692
372
3194
1745
2418
2975
1551
3895
3280
2129
699
2781
1938
3263
4454
549
3719
4609
3369
2993
3281
881
2608
791
1742
4072
2130
4163
2607
3047
281
1647
4697
2037
2694
4252
2432
1167
4432
2240
696
1265
547
1261
1260
103
2037
1169
2519
3717
3718
3616
3804
3046
2693
2975
1739
3454
1939
2979
1261
1170
2868
1839
103
3529
275
2127
1455
2525
3791
1745
3967
2609
2692
3454
1359
4520
1266
1940
4338
281
2612
1165
2978
2225
1754
202
4679
1745
2230
2525
459
2612
2325
979
4503
3047
547
2517
2419
189
112
2424
696
103
3264
371
1456
3718
1454
4590
459
4251
3808
2781
1454
3700
102
1948
3440
1360
2868
4520
604
3017
3808
1550
281
1743
103
4338
3089
4338
3458
791
3529
4345
463
1359
3439
457
4433
3174
1546
459
610
2887
362
3632
1744
2695
3367
2322
371
4252
276
2694
3106
102
3262
3174
102
638
3279
4072
1561
4346
455
1657
3439
3980
3108
2230
4325
4325
3194
2699
3175
112
1550
4433
883
4147
1170
3107
1839
2978
2694
2781
1455
619
700
4162
4679
3631
885
1839
4434
1852
981
1754
3368
3087
559
281
202
4425
2336
4145
1455
1851
4161
881
3894
2517
2889
1932
4325
3808
281
3881
3528
1361
4690
3702
4520
4434
2142
2030
2526
3881
3047
1170
1168
979
3546
4162
2132
2424
989
1842
1361
1550
2992
3899
2869
369
3369
3983
2321
4520
2692
1643
2699
3980
3718
3982
363
2231
189
3614
1836
1075
2868
1084
3107
3177
3717
372
2517
791
3281
4162
4055
1948
1358
101
697
2132
1550
2327
3107
1648
3632
4433
545
4069
3979
3368
2611
2992
1643
696
608
1361
3016
103
2976
4520
3369
3456
4344
2230
3967
3881
4278
2142
2037
179
2992
4346
4601
3280
1551
4277
3882
1551
1075
2515
4337
3439
1261
3090
3087
3529
3792
3979
1647
1456
604
1646
1265
188
2129
609
2796
4608
4432
3019
3543
3804
1745
1755
2418
3619
2887
464
2699
2958
1165
3700
3881
1261
3454
103
1648
102
3981
189
3547
103
2035
4071
102
3983
2885
3979
791
791
1743
788
2230
1940
2224
619
1169
2700
103
457
2959
4698
1657
3088
1276
2230
1649
2889
2959
2612
2869
2239
610
2128
1754
976
2889
2609
102
1179
886
4521
1657
4145
2526
1937
4588
544
101
3704
2131
4432
1742
979
2958
1266
281
2326
3632
4343
2516
549
4608
3438
4337
3967
791
4454
975
3897
3546
3631
3368
1075
2034
3897
610
2336
2611
548
4325
696
3259
609
1546
3281
989
105
3089
1546
4337
2224
2700
1841
1360
4690
2781
2322
982
2432
275
3280
882
2046
547
1361
2957
608
3368
3262
4413
2037
3108
3367
3881
3262
894
2798
3809
2516
698
2225
2131
1083
1361
3456
101
1546
103
101
3440
3019
2977
277
2239
3718
2516
1647
788
4698
4248
277
1164
1359
2419
2608
3528
4503
3543
4337
2979
544
1939
696
1455
1754
4056
3369
2134
3107
3897
281
1260
3807
2795
3614
979
2230
188
4503
2798
1550
455
2227
4253
2781
2419
1454
369
2978
371
1552
2225
1933
1167
455
189
455
1072
3175
3108
189
456
1074
3881
2700
1164
2977
2227
3018
3457
2322
1745
3897
1170
885
2335
3528
4698
610
1839
2699
3897
4162
4186
1648
1842
3527
608
2607
697
3439
3894
4073
3087
3547
883
3714
189
2322
4416
275
3808
3280
374
3106
4609
3791
4097
4416
3107
3619
546
2325
2322
792
2037
3805
371
363
4187
2420
4416
2130
3195
4697
369
4146
1840
3701
2869
4514
3438
2128
3263
464
189
2142
1647
1084
549
4162
281
3261
2781
1263
3090
1371
1739
3194
4346
4426
607
884
3192
1074
1169
2419
4072
189
885
4590
980
2978
1170
4698
2958
2322
2869
188
2699
3982
1658
3349
3529
3616
3547
4056
1164
2230
1167
1852
1836
4055
4680
2781
2976
2516
885
3967
2976
2886
3528
1075
1415
1360
544
4426
1546
2419
112
697
1071
2976
2419
3790
1362
375
2422
1550
4601
3529
3018
4162
2323
697
2418
103
3898
793
1938
3980
3528
4522
4146
2335
883
1647
4502
3791
3175
3280
1646
884
4072
4541
2324
2132
1551
2324
882
195
3808
2526
4162
4324
3882
699
2128
374
3617
3545
3194
979
3702
1842
1932
1456
4073
1361
3264
3808
3544
2517
1643
3349
4425
189
2239
3195
4588
2517
3617
3279
2692
3456
697
1454
4697
3194
4069
2692
4697
4250
1851
1836
2606
2142
1743
188
102
2046
3719
4055
1276
2612
979
3369
4343
2229
3018
2795
1742
1265
1755
2128
374
548
1852
2517
189
2033
3614
3047
4515
4162
2516
2336
2886
1179
3017
3046
2958
1938
1075
3897
1456
3107
4249
2142
2321
3262
1072
2869
1561
4236
2030
4503
2609
1646
2992
2888
4338
4609
2517
1739
1165
3263
3981
3279
4253
2133
1084
3631
2035
3981
4426
696
2979
791
2132
546
3718
4690
2609
3701
3894
1074
1170
3542
276
3983
544
369
4056
4162
4162
4590
202
3809
3280
549
2322
975
894
3527
1937
1265
1170
3614
102
103
1546
4344
2225
2035
2693
2321
2431
2421
1456
4601
4521
3019
368
1266
1361
371
697
369
1360
4337
1455
4187
4521
1164
1261
4146
3527
2609
195
2035
2239
2228
4601
2694
3457
2798
2517
1842
3982
3089
281
464
1360
2133
883
2691
1455
3458
3966
2046
2781
697
3456
2322
1455
2327
3966
2694
2693
989
3718
2527
3981
4187
2610
989
2958
3981
2976
886
3276
3456
1464
1647
2142
4324
369
4503
2230
277
2133
100
1739
4690
697
464
3175
4367
1267
989
4600
3791
363
699
4519
102
3368
2322
1939
4697
106
102
2612
2607
188
2129
188
4588
4344
787
4055
103
2419
698
3981
608
4502
4600
4416
3349
1939
989
697
793
989
1936
1551
3881
4416
981
3792
1170
2692
605
4056
363
4158
3882
1454
3280
2515
3614
2869
3259
2796
4276
363
2230
4608
4367
2224
2133
2133
372
4343
369
1265
4502
989
3881
3631
101
3457
2326
2035
697
1453
1948
4325
1455
4161
1454
1074
281
4236
2796
2993
2128
2978
4248
883
549
894
2869
1551
611
3719
1561
4601
2525
3348
2133
2993
1075
4161
3369
372
885
4325
4253
2958
2133
1836
4416
3530
793
2888
103
2127
4690
4690
619
2434
3193
4433
883
980
981
793
2691
989
1646
374
3548
1755
4073
604
4698
3440
2978
2230
1170
4251
3791
2419
374
2958
3983
793
1842
1933
2423
2419
4432
1937
1841
3193
549
2795
4515
4345
3546
3107
2230
1754
276
3194
3542
3717
604
3439
1836
4339
4162
2693
2869
2129
2336
371
103
2133
2700
4187
2515
4145
543
3719
3175
3629
1359
4339
3439
2421
3808
1949
280
4068
3088
3719
1260
980
4691
3108
3882
103
1455
1647
1265
2230
1165
3897
3631
2226
3018
2516
1851
2525
4068
4069
189
3348
3367
2133
3631
2516
2609
3980
1170
4344
2798
788
609
1455
1647
3107
4609
1939
1179
639
1933
3177
1648
794
979
3894
4253
4160
549
3967
2325
4432
3018
1648
4522
189
1745
1169
3616
2868
1265
1647
3367
4679
885
1466
4236
3807
4158
2132
608
4432
4055
3631
2606
103
792
3899
3195
1361
1073
2225
1642
1180
373
468
696
2422
4251
2700
2335
4252
3174
2418
3791
2794
4057
4433
3280
2030
4502
281
2979
697
559
2034
363
3790
4432
1551
2957
2692
3719
3630
3895
1454
275
4515
188
793
3632
2516
3894
2608
3108
881
981
4186
1646
281
1260
2992
1933
1164
3790
1360
1075
2517
4629
189
2516
3458
4541
3106
2868
1839
374
1643
2797
1361
2888
3365
454
3016
2799
2958
3015
3629
3047
3804
189
4247
3790
4236
3619
4326
1841
3089
2525
2958
4608
2239
894
1949
3367
1454
3087
2239
102
3808
1744
3881
3614
1170
3617
2516
4690
3194
2781
885
1076
3544
4161
3547
3719
4235
2323
1939
3019
3807
2516
4055
3016
370
1357
793
1180
4678
1084
1551
3277
111
799
4236
1075
547
2036
1170
697
981
2887
2694
4515
1455
2225
790
1551
1170
2030
2133
4678
3368
3808
1170
2132
3175
3629
1933
1648
3897
1551
3982
788
3014
4454
3791
3369
189
2699
1742
3193
4162
4325
100
884
1851
3016
1360
699
3895
1170
3439
4609
3348
3174
2610
1455
3107
2421
1836
3719
1361
3174
103
4056
3808
3898
1551
1456
1841
372
3349
2978
1465
4251
3365
3526
3719
607
4146
3088
3809
3175
4433
3897
1744
1264
3089
2230
4608
2127
3700
3895
2336
3193
1646
2225
3194
4503
2606
1851
2692
3966
559
2692
3967
2325
979
981
1265
2325
3632
980
608
2224
609
3632
374
696
1453
3544
195
4690
1266
1266
885
1453
3194
189
3791
4252
1455
3368
884
1465
2869
3983
288
2519
800
3615
2694
281
4433
1359
2431
3632
975
800
2695
1260
1745
4697
4607
1454
3458
3454
102
4252
372
4055
372
2975
4338
3457
2526
3368
2517
1266
457
3619
3263
697
559
3529
3702
697
894
102
4522
2607
2032
3717
2035
4237
4417
3701
4698
4146
1371
2797
1550
2798
1939
2335
3458
1266
1170
3087
2888
363
1937
2978
3369
1276
2868
2992
2868
3348
2432
3195
3018
4514
885
4072
3280
111
3967
1083
2326
4071
4073
1851
1454
1170
2694
696
1167
3015
3457
1164
4343
793
2612
2225
1836
277
3456
3719
3703
1550
698
1361
3529
4055
2239
4160
3458
544
4160
4234
3261
2958
4414
1746
989
1276
4718
2612
2958
1650
2322
3967
1852
4416
3019
611
1546
468
2700
456
883
4608
3808
4162
2608
4343
456
111
2869
372
3263
2958
457
189
2978
3981
3898
3881
1265
102
699
1842
4602
281
698
4068
3790
2420
3807
3804
1362
2239
2782
189
2226
4503
4249
4698
1263
2607
3369
1648
179
2957
112
791
546
4068
3017
4600
548
3048
4589
2432
1551
3281
976
2131
3348
549
3982
1949
1265
102
3175
3367
1075
2692
3719
3542
106
549
3980
3107
1266
1647
1839
2419
4416
1265
1084
1260
2889
2799
3717
1948
4609
4162
4609
2229
4326
544
1083
1658
3808
2796
3107
1939
3881
363
1075
4252
3894
1070
3457
2609
3543
799
2519
707
188
2959
1550
3979
700
1755
2692
1168
4589
371
2526
2958
3983
3194
3440
1465
884
1076
2133
4097
2612
188
4250
2127
369
639
696
2978
3895
1842
2692
4433
1840
3348
1937
4070
885
4069
4521
2419
4678
3047
2978
3107
1939
699
1266
1646
2612
3280
1648
610
3615
3718
697
3529
989
3089
2958
707
3439
3899
3089
4503
2797
2326
4454
2030
4158
3194
2031
3088
2128
2526
791
282
2608
619
700
3983
697
2794
3546
2525
1841
1073
2869
4607
1265
2326
4073
980
4414
4679
102
3016
281
1361
3440
2606
3701
3174
3277
3175
3546
2419
454
4162
981
2432
4055
188
4339
4416
989
1940
1074
3458
886
611
1551
548
4145
2699
1658
4344
3090
1552
203
1266
1165
3088
101
3107
3898
4235
4691
2869
275
1842
4454
1648
3546
4502
619
701
696
2794
793
894
2419
3701
4339
2870
4414
4146
2127
3982
1455
189
2978
981
2226
4248
1552
2423
3369
2419
3088
4145
369
3983
1839
1415
2993
3979
3808
2694
2033
1267
3262
2885
793
2959
4601
3369
103
3544
3280
102
1948
981
1362
2889
2224
2799
289
4589
3966
4157
884
281
3192
103
3019
1452
1265
1550
2886
4601
3542
1842
1371
3174
2887
374
2885
103
2423
4072
1084
2609
102
4520
3808
3614
2798
3543
1167
3174
610
3894
2993
4426
4162
1168
2692
4515
2608
1360
1167
2031
1179
1074
4519
1265
697
2957
3174
4521
4698
981
1265
2609
4588
4236
790
2238
1646
2129
2993
4416
178
788
1940
1456
4679
2422
276
1933
2239
4416
4629
4426
3898
4069
372
4344
2133
1369
1164
1170
2976
1643
4071
700
457
1648
4247
2328
372
3019
2423
3615
102
3019
3967
369
3369
2609
1949
1264
1277
696
188
2325
4515
2419
1454
3261
2781
188
1371
4425
4514
1072
3808
2782
1168
2037
2231
3193
4247
2419
1839
1933
1546
2132
1170
195
881
3088
372
4162
3546
3017
2993
103
369
202
791
1261
4426
3262
4609
2127
979
4521
2230
3048
1744
2782
611
3349
2992
4056
4057
1546
3107
3349
1550
3348
3015
1552
2322
3259
1361
281
1277
3719
1265
1561
3967
2133
102
1745
3456
3543
2422
1362
3439
1755
883
2325
3630
4277
103
1361
549
697
3898
4608
1561
638
2977
701
4249
1938
2525
2225
609
1755
2230
2978
2335
2889
3108
1948
369
4252
608
638
3089
103
189
371
2228
102
3088
3899
194
1949
3543
3983
4158
2240
2423
3439
3439
2034
2516
2613
884
4367
1939
3529
2799
102
1949
3790
3175
788
2612
1754
1076
3280
2993
4161
2957
281
1742
4608
2031
638
1180
3369
3967
2420
3019
3704
1647
2958
4055
2422
2609
3457
3898
2611
4698
3106
2869
4698
1561
281
3277
1646
607
4609
3806
371
3281
2694
1465
3715
3547
1551
1933
3280
4515
3457
1647
883
2434
2337
101
4325
2885
2691
277
1455
374
188
4608
372
3898
3364
3791
4433
4145
4158
4690
3717
2225
4542
4678
2424
457
4338
2238
1360
189
697
4162
1360
2034
2886
4590
3087
1754
2992
2608
697
2432
792
2132
189
2526
3547
4367
2782
3808
4069
2517
1358
3791
102
1456
4187
884
4338
2976
103
3088
368
700
2127
1455
2609
3614
1744
3807
2036
1648
1836
179
2036
2033
189
3719
276
4056
3702
1743
188
3369
1949
3807
3882
374
2516
371
981
1561
106
2519
791
544
2693
4345
4145
4344
3791
3108
3458
363
884
4073
1745
3544
2133
1370
3348
3108
3719
1647
4146
1648
4680
1362
610
790
800
2518
1464
4434
188
3982
189
3714
3700
1936
281
3193
1074
276
2609
2884
885
1842
792
3981
4514
1657
1842
1740
1746
3440
3631
2612
4278
1164
2782
3899
4097
4589
103
699
2609
2781
1658
1648
2321
2229
3458
787
981
4590
2033
1361
3439
1743
1840
4514
2612
3457
3703
1836
103
2516
4588
3456
1083
979
975
610
277
2418
4097
3632
608
3196
2035
4678
1265
3704
2227
3631
2609
4345
4520
2225
4609
2699
3280
793
2046
1546
1070
2958
1933
4608
3088
791
2516
2699
2423
1265
2957
1361
2241
371
2781
454
3979
1075
4589
981
3014
1646
4248
989
1361
3175
3704
3702
3104
179
2326
2957
2978
281
2609
3545
3194
1170
2045
1744
3630
3369
547
1561
3456
2888
2695
3348
2887
1454
4425
3718
3967
1545
2517
3703
1261
2432
883
2129
608
3966
701
1170
3195
1260
1754
1171
4690
2692
2325
2868
1466
2526
3546
3017
4073
188
559
3631
280
3047
3715
2034
1265
4697
3348
894
800
4522
2324
3175
1546
885
607
2326
106
1265
2606
3193
886
1550
2230
4367
2980
980
2782
2336
3367
4252
4521
2700
4425
1455
2888
1359
4515
1168
4325
2700
792
792
3438
2226
2321
103
454
3264
2128
4236
2337
1658
2958
2798
3196
2610
1361
2517
369
3808
3791
463
2694
3263
2519
106
4698
102
2240
3458
2035
4249
1361
4253
4146
4073
3280
2781
3544
2977
189
1743
3349
1168
3898
2035
3631
3703
2526
2231
195
697
1452
3896
1550
2230
3193
103
4416
1744
3262
1550
3982
4425
1455
3089
1075
3016
1836
457
1070
3982
362
3277
4416
3791
1934
3089
3804
3456
1451
3279
3280
3047
2992
3367
4629
2421
4416
3805
2692
696
3966
4432
3791
1933
698
2526
4589
3542
1842
2793
1371
1357
4502
3808
1171
189
3440
1936
3718
4344
4344
2692
4325
2322
2796
275
4162
1357
1562
4590
371
4158
788
106
1745
4589
276
3967
3881
4588
3718
3104
3897
3107
2325
4344
1550
885
3808
1939
3881
3543
2694
3966
1262
3629
371
1276
1937
371
4521
4413
102
3104
4235
4698
2607
281
3715
2979
3195
2887
4186
881
3980
4520
3015
2325
4073
4162
2695
2958
3528
2030
2518
788
4235
2226
455
103
639
2870
2322
2781
2692
1551
610
3881
2781
1745
4055
3897
2037
4326
3440
3981
2129
1546
4325
1745
3631
2799
2692
1841
546
2128
1643
2795
1168
1455
101
2517
549
2432
3881
1648
3087
1747
1648
793
4159
371
189
2612
3107
4247
4588
4425
2782
2132
4629
1550
3718
3262
4068
3194
3967
620
281
4146
1084
189
1357
3262
104
894
189
980
638
4235
2889
3702
2692
981
2885
884
4325
2420
3543
3791
2695
2230
4679
4072
1164
3194
2044
1949
1265
3894
188
372
2782
2127
3177
2781
3614
2035
189
3280
3016
1276
1073
1076
463
2608
3630
1260
1454
2885
2128
2044
3967
4698
2127
1360
3106
3017
707
3367
3547
4251
1739
454
3547
604
608
2692
4325
3108
3195
1361
2795
2037
4145
1743
1465
1948
1169
884
4680
2608
1841
3455
3016
4680
1465
2518
1552
1073
2977
2694
885
3349
3967
2225
1074
3458
1451
3630
3881
2037
3457
2326
1939
3279
468
1169
4158
3717
2870
3440
1851
549
3088
2959
3808
1074
4187
3090
4502
464
4070
4416
3454
696
4680
1358
1646
464
4502
1648
1546
3529
2700
3544
2526
883
4145
696
696
2128
4325
4433
2794
1075
103
2979
3808
2959
372
1939
788
1454
894
1168
1648
1841
1073
2142
883
3088
4069
2525
1454
2322
3980
2432
799
188
4690
1552
1933
1546
4343
3348
102
2133
608
2422
4073
1361
2230
1551
3529
4160
2606
4325
2692
1075
4072
2335
3790
1170
4608
1260
1938
3881
3106
2238
2421
2030
371
1169
4248
2434
4427
3457
1549
4589
4146
2516
2423
4250
1836
1362
3619
2225
4253
2030
4502
884
1261
3980
1646
1552
3881
3967
3881
2422
2977
3529
1545
1643
4162
3457
894
4071
4600
1754
1455
3107
547
4146
2957
3544
2517
3881
3365
2525
1550
276
884
638
1551
3790
3439
4697
696
2795
1745
3279
3193
454
3047
1851
1371
2029
2240
4415
3178
2870
4145
3019
3349
1070
989
3895
4434
4162
2609
639
2036
3881
275
2692
4609
102
1851
3369
2034
3194
611
1836
2517
2692
4345
1084
547
4601
4503
4629
1742
1742
1456
791
2132
604
3632
3717
3367
2045
3527
3440
2419
2977
4162
2694
4071
1755
4698
2782
188
3455
3631
3349
1648
2517
275
1746
3881
1546
2699
3791
3616
3090
3439
3630
2424
189
2327
4325
3263
885
3175
4680
2608
3439
3544
980
2526
2133
2609
189
3458
604
4234
3280
2131
2526
4698
2888
3192
3805
2692
102
1070
3369
1940
1454
608
189
2516
2797
4098
4520
3348
3982
881
976
707
1742
3894
2800
1453
3718
3369
1937
2800
4690
1937
981
2225
1361
1552
620
3632
1642
1455
707
4433
4426
2335
4325
793
2238
697
4097
2323
1260
3108
3364
4502
4160
3984
2029
3263
1362
2231
1745
102
1850
2888
2036
2322
1164
1550
1265
700
455
102
468
981
610
3194
2781
4691
2993
1561
4344
3631
989
3615
2327
4071
3983
2327
1746
1740
2424
4425
3455
3526
2868
700
1840
3981
3629
885
3808
2794
4432
2132
3717
4600
792
202
3632
886
1454
2692
884
3348
4503
894
549
468
3808
4055
1266
2327
454
2886
2030
281
2794
2045
697
3365
189
3018
1551
102
2517
3279
2869
884
2796
3047
103
189
3281
372
2225
4161
3980
3983
1361
3018
4146
4719
3106
697
3617
3104
1839
3458
371
1361
1075
1740
101
3457
4343
457
792
881
1276
793
3106
2128
4072
4145
1648
3018
559
2133
3438
792
2693
3980
2323
3631
3193
2796
1276
791
2781
3790
2129
544
2887
2979
4522
2976
3262
2038
1170
544
1648
989
2035
559
3616
4515
4326
3979
281
4589
2516
3280
3894
2700
3717
1642
2336
610
1841
3014
111
2132
373
2239
4602
4338
2609
464
4252
4234
103
3174
1933
4601
1546
3881
3457
4073
1561
894
4503
4326
2326
3546
4056
1266
103
2037
1840
1746
4068
2143
4425
1739
3983
697
605
2335
4056
699
3530
1561
549
609
3279
3715
103
2782
1074
791
3349
3193
3195
4698
4147
2034
3967
4426
2518
4503
2423
3365
1935
981
1276
979
1648
3014
1361
700
2869
2800
2957
2419
3967
102
189
4056
1362
4698
3882
1168
3174
4521
1074
457
3614
102
4235
3881
1265
4697
3089
2978
369
4515
791
791
2978
1550
2030
2782
1266
3527
2518
2519
3369
1263
3178
459
3280
2527
1167
4427
194
2044
3614
3088
1361
3349
3529
981
1076
979
4325
103
609
979
203
1360
979
2868
979
3192
3530
4521
4235
544
700
4367
1357
1745
3882
3194
1552
2335
3719
1071
274
611
1551
3348
2977
2795
3349
2796
550
3631
4502
371
2694
610
3528
2889
281
3440
2886
2992
3106
1648
4601
2994
885
3529
4678
4251
3718
3528
454
2782
1742
2046
103
3898
2142
2695
1260
4161
3276
3261
103
790
894
610
611
1948
3263
2517
4434
2606
4337
700
1456
1070
3177
4718
2132
4515
3349
1836
4503
468
2888
3631
3456
4690
1938
4426
3193
3528
3631
4541
2516
1551
1455
3279
1836
1369
788
3262
981
2229
2957
1842
188
4588
791
4247
1453
4433
2889
4338
102
4602
1168
3178
371
2322
100
189
4514
4691
1169
3790
3349
1841
1361
1167
276
1839
2227
1949
4608
4056
2607
1648
1841
4608
3440
189
3543
276
2324
3529
2142
4454
3632
799
2431
3529
2224
2030
794
4600
1075
1646
457
2419
4680
881
3105
4520
3546
1167
2611
4326
4609
1647
696
793
1070
4609
4070
639
1648
2132
275
4277
3018
1646
1276
1657
3631
4679
2692
2035
3619
3368
2418
981
2324
3615
3894
371
102
1550
1836
1265
988
3703
1464
4235
885
2322
1744
1552
2516
3981
4147
4277
1550
4158
4602
2228
4680
2869
611
101
3897
3178
1361
4068
2239
4541
4097
102
3791
1938
4503
4251
3047
202
885
1842
2239
288
3195
4609
2868
4236
793
3367
4253
4425
3016
2976
4247
4591
1454
4055
2799
3980
3614
369
457
559
275
2782
101
2031
2607
1276
2035
3279
620
4690
1938
2609
4514
4609
4678
3882
4162
102
3982
882
3175
1745
2887
2794
4234
3894
2224
2225
605
4146
2699
3439
1647
1070
4055
4427
2526
2517
1371
468
1561
610
2607
4235
1265
4415
3175
3881
1754
4521
4326
4697
1647
988
3348
1074
1070
3791
178
1075
369
2239
4433
4589
980
1360
3791
3808
792
363
3808
1841
1454
2516
1370
2885
2694
102
3195
2325
3348
1551
1552
4522
464
1084
4160
1454
3804
1851
3898
277
3263
1455
1359
2606
3631
3107
2335
103
791
3719
101
2322
2423
1372
468
979
363
1648
979
3088
1643
4235
3809
3983
975
3719
2958
276
1170
2978
1179
1070
1075
3106
1754
2886
4055
608
1839
3983
4162
1742
1168
3542
2142
2695
4343
605
2611
2128
3616
4414
1949
4186
4678
2957
1267
369
2035
3349
4698
547
4248
3898
1451
2611
793
2517
3193
3019
2142
3809
2127
1369
3790
456
102
3543
189
4678
189
3881
4433
456
792
4691
607
368
2044
3807
1933
1276
2036
3704
2609
885
2692
1851
103
3263
2418
4416
1371
3700
3547
4601
102
3194
4417
2324
2980
1276
1933
2994
3894
102
1451
1164
374
708
546
2958
3983
3348
3367
1455
1842
2958
1455
4521
4145
1260
3629
2978
4073
3898
1840
791
3281
2322
1937
792
1179
1415
4515
3108
103
4691
3898
1739
4515
4679
3262
2978
1742
2432
3807
639
1741
2132
3107
981
4433
4608
3715
980
4252
2868
4252
3349
3881
3046
1168
2230
4158
1840
1742
2692
2422
2869
4588
1936
1451
793
464
2424
3438
3881
792
3262
4158
1842
189
699
2128
3967
4425
4325
3277
2142
1070
1744
2046
3262
102
3194
1358
698
4698
1084
1746
2128
4691
189
1851
3790
103
2432
1937
2609
4236
1451
3458
4235
1264
1841
1266
2418
3458
696
101
1643
3983
1265
3882
2516
3276
3542
1552
4698
189
2694
3178
3981
2132
2700
2612
3108
3630
2612
981
2517
3457
2606
3364
559
3544
2979
2885
2335
2994
3349
3881
1266
3791
3701
1840
4522
4344
4071
1642
1551
464
103
3631
2515
2888
4055
106
4589
4502
3983
102
884
3629
2795
4277
697
3791
696
3012
2958
281
4515
4072
2889
4601
2321
1083
1658
374
4433
2432
989
1455
371
3369
4158
3809
3808
3546
3455
3087
1648
3457
794
2609
2694
1546
4591
3088
105
3792
4346
102
4345
4434
1842
1744
1454
4162
3614
4069
464
2224
3529
2423
1169
3194
2691
3805
697
2424
4433
605
4690
2692
4698
981
4070
3701
1938
3281
4251
1261
1933
276
1949
2044
3175
456
4162
180
1170
2868
3543
620
1842
3701
3369
3458
4247
3087
1647
3019
4248
277
2958
4344
2432
699
103
1084
3174
4072
1084
1265
793
1932
3809
4678
2959
1371
1839
464
3808
1550
4162
3631
2694
548
2128
884
468
363
2422
3967
2517
790
2133
4601
2869
2418
3898
3439
189
3368
3894
1075
697
3440
2869
275
