185
191
134
146
213
189
185
218
164
187
216
137
187
192
102
151
122
145
221
186
194
212
195
142
151
185
183
103
166
218
170
213
195
213
120
103
197
221
212
193
137
136
140
189
188
184
142
182
149
102
123
146
137
166
169
119
214
188
219
138
179
162
182
194
184
149
120
145
102
214
161
197
102
114
191
142
222
196
151
185
102
118
141
102
190
217
102
182
103
185
216
156
144
146
122
192
145
196
218
145
166
191
137
217
218
217
158
162
182
182
138
220
189
135
215
137
163
182
220
103
221
184
183
101
102
183
215
142
183
150
174
221
143
156
219
135
220
221
149
145
199
145
136
216
187
101
102
141
135
183
144
196
146
219
182
102
103
114
191
138
219
195
213
219
139
181
191
192
156
117
150
184
182
100
159
191
103
185
141
159
137
223
140
136
212
137
117
198
152
171
222
102
137
223
217
197
141
187
102
222
182
192
222
191
182
196
195
215
213
222
147
182
182
183
185
214
192
147
137
137
182
163
184
134
101
217
186
194
138
148
188
190
138
102
182
217
193
216
166
148
185
119
195
221
143
190
221
186
185
138
185
150
183
182
136
183
184
148
183
220
222
214
145
119
222
162
182
223
147
184
181
185
183
144
178
182
120
155
122
187
142
148
222
147
101
221
192
221
220
182
169
162
161
218
222
187
137
156
137
102
124
103
102
146
103
102
102
183
136
135
187
197
196
185
183
125
196
221
154
195
145
102
150
102
161
122
195
195
191
156
213
188
151
214
102
181
139
219
192
142
193
142
163
186
114
117
193
213
137
102
117
151
222
157
182
182
192
183
102
191
184
195
190
220
189
146
151
137
216
102
139
136
135
185
103
102
191
118
191
184
157
157
142
146
214
182
166
213
147
116
216
106
185
135
162
152
182
220
187
138
136
138
182
186
218
183
183
148
195
216
192
161
145
219
125
149
147
116
139
147
102
221
184
103
159
142
186
136
169
135
218
107
187
146
197
151
219
221
212
141
162
214
135
166
137
212
158
185
147
223
185
117
221
197
141
118
156
103
135
103
136
114
185
158
102
102
167
145
197
185
150
137
137
221
107
195
188
136
139
196
188
154
140
194
102
124
183
220
107
141
183
101
156
216
101
143
196
212
155
215
222
133
182
142
182
102
102
102
162
148
102
181
143
191
136
212
143
121
107
144
151
196
138
213
163
124
196
185
183
159
138
215
216
196
123
213
136
140
138
196
143
183
137
118
196
216
219
185
117
139
138
117
214
107
220
115
222
222
219
103
136
137
183
118
166
154
102
117
144
151
184
149
164
185
145
196
195
223
136
137
221
195
102
145
168
146
189
107
213
187
182
216
195
114
216
185
221
185
192
221
121
148
200
183
159
104
183
186
187
122
163
215
143
214
213
103
156
191
182
139
138
167
213
117
216
185
197
102
195
194
194
178
139
158
136
216
222
137
212
152
182
213
182
222
135
183
188
169
220
182
136
102
165
156
188
139
103
164
158
141
159
218
196
103
195
223
137
196
181
185
146
189
223
182
182
145
150
196
177
196
148
102
102
154
147
190
221
147
216
222
162
221
141
102
158
196
219
186
182
103
189
185
197
197
150
133
122
187
215
145
136
169
221
162
221
153
222
217
141
135
195
165
187
112
103
150
137
184
182
186
140
132
182
122
195
185
188
218
219
158
182
212
216
103
148
183
102
195
214
220
139
215
219
150
185
153
193
103
137
189
198
144
184
219
141
134
182
103
102
188
220
139
197
106
162
182
213
217
156
187
221
117
136
217
183
195
146
149
183
200
192
101
191
140
156
102
222
221
137
185
185
135
161
182
213
187
192
140
184
137
103
219
183
165
185
166
185
102
217
102
138
102
187
103
215
218
182
139
195
214
145
192
216
156
180
196
137
116
188
185
137
140
146
102
144
188
139
184
139
182
192
186
101
191
145
145
220
161
135
182
185
107
212
101
195
101
117
197
163
183
114
195
213
187
145
196
146
183
142
166
180
164
169
145
139
165
103
145
155
146
182
185
102
223
140
156
102
103
215
140
141
166
145
194
133
216
161
102
222
103
182
136
188
181
169
145
188
220
191
133
140
164
185
212
190
150
133
145
163
162
221
184
222
161
222
137
155
221
155
223
162
179
214
212
219
192
142
195
162
145
185
182
179
192
143
145
183
181
140
139
137
146
223
139
196
142
144
169
185
141
188
143
133
103
162
214
182
181
194
145
145
147
186
218
180
162
188
192
107
141
123
153
187
101
145
197
188
142
221
135
114
182
102
189
193
196
102
219
112
166
179
222
156
167
182
188
222
114
196
197
183
182
165
182
150
165
166
145
179
192
102
161
139
182
102
213
150
120
102
102
184
184
147
165
184
196
187
143
219
182
102
102
181
136
192
136
158
222
187
158
102
138
217
165
162
102
210
102
188
167
216
136
220
192
221
146
184
152
182
137
198
188
195
218
190
136
220
182
138
102
182
145
184
217
153
117
142
154
196
188
219
198
197
194
142
146
184
165
222
221
140
181
221
161
187
181
182
142
215
147
146
163
182
199
145
193
102
222
141
139
219
197
136
124
149
186
164
215
102
185
193
191
107
200
162
214
145
222
219
182
152
186
137
137
219
137
112
216
182
139
168
188
123
189
135
197
142
216
195
147
140
133
124
220
221
148
136
177
189
183
159
137
135
138
195
182
216
212
158
185
182
182
221
184
148
136
213
168
132
197
117
189
138
163
125
147
151
180
194
181
213
102
165
136
136
101
141
114
191
185
183
182
220
190
210
150
196
185
187
219
186
191
188
214
103
194
137
221
182
180
102
145
190
222
186
214
214
222
218
102
102
143
145
196
114
160
133
136
140
182
119
200
159
222
212
103
182
142
157
188
212
161
140
121
188
196
169
158
182
186
184
148
140
138
193
182
137
217
214
185
182
190
191
197
145
219
103
146
150
146
147
195
123
169
103
224
220
217
184
135
188
181
179
194
163
137
182
152
196
102
161
187
220
196
184
195
135
219
219
218
145
121
102
159
220
139
183
192
186
140
137
120
182
191
181
221
102
213
221
158
189
189
104
193
169
191
114
185
146
184
164
222
181
216
197
213
120
162
102
135
220
152
183
136
220
102
182
182
102
183
216
169
192
142
136
217
192
163
147
146
103
169
194
152
182
192
137
185
150
143
193
184
219
146
112
145
140
127
218
120
149
184
182
102
139
137
181
121
122
195
219
139
183
219
194
186
102
165
138
215
183
189
218
165
107
222
140
217
135
190
139
140
141
187
218
102
104
139
182
150
214
182
149
163
212
183
102
220
136
102
182
184
125
140
197
168
182
103
191
136
194
147
196
147
219
141
195
132
216
169
135
190
189
187
164
196
222
186
141
163
183
182
161
221
195
161
147
190
195
182
163
183
193
193
162
198
185
191
222
169
137
132
222
102
219
149
135
155
181
117
102
112
188
138
102
192
141
102
140
138
165
195
220
165
115
185
101
149
141
156
183
102
166
168
221
190
139
151
137
139
144
221
143
185
182
135
166
194
212
103
219
183
181
185
137
188
138
183
214
213
218
138
185
195
139
143
163
167
136
125
102
144
136
197
196
220
139
149
136
213
147
219
138
164
184
185
137
161
182
220
182
215
117
182
181
194
150
222
156
102
219
187
183
107
116
118
115
219
192
219
139
143
133
155
136
184
186
147
143
115
165
145
222
147
185
165
135
136
197
102
135
194
196
163
107
188
102
219
194
152
102
145
214
141
190
213
196
165
192
184
102
181
195
137
148
196
145
192
219
165
135
182
214
191
192
163
164
182
212
147
223
183
197
221
196
147
189
103
183
168
163
184
124
137
218
183
102
183
104
102
188
186
195
186
186
146
191
214
156
161
165
102
184
137
146
219
121
197
194
221
136
195
215
222
135
222
185
169
144
196
183
103
136
135
138
104
185
118
138
221
186
154
164
102
216
118
150
195
216
187
182
102
187
197
219
182
136
192
136
212
196
149
139
213
161
181
138
182
136
192
190
182
102
136
135
101
215
102
184
222
218
114
145
196
188
184
137
138
103
137
147
135
166
219
102
159
196
148
222
137
161
103
186
125
107
183
192
138
189
143
141
117
183
197
191
138
191
102
196
189
213
179
217
102
118
182
168
219
186
150
185
102
145
222
181
134
102
118
136
118
216
183
192
196
187
185
184
185
214
139
162
214
216
211
150
162
197
184
197
102
145
160
151
212
140
216
103
137
102
190
135
182
145
118
141
165
212
197
185
222
184
194
135
107
222
219
213
214
188
196
194
134
140
193
196
166
102
219
181
189
185
182
139
120
184
182
220
103
142
195
196
198
217
138
185
119
132
147
121
196
166
185
182
181
218
103
222
185
220
136
141
136
136
157
143
136
184
162
119
219
157
101
197
164
102
195
196
121
185
103
188
220
103
144
136
102
183
156
141
212
188
196
144
221
134
136
137
142
182
118
192
122
185
185
145
159
139
169
221
196
163
197
102
182
182
140
182
158
182
146
156
107
195
139
222
222
186
107
134
221
194
193
140
182
146
140
194
135
212
188
151
181
188
140
127
197
103
219
146
182
150
195
194
213
107
196
136
182
194
145
165
221
124
158
166
158
135
219
158
195
155
222
114
158
146
135
142
151
191
181
163
136
138
182
138
221
197
163
192
102
190
165
118
147
121
196
196
151
158
104
186
137
150
148
166
219
164
160
184
134
135
189
216
182
184
101
119
188
226
219
158
183
163
143
133
139
197
146
156
103
218
102
186
143
190
215
169
103
166
190
159
156
188
182
166
103
124
162
146
186
148
138
195
143
182
188
144
181
182
183
184
101
188
137
213
147
138
154
222
185
195
102
196
166
183
147
145
188
139
219
217
143
194
181
140
190
222
185
139
102
174
212
136
215
139
188
219
184
137
159
102
179
142
138
191
102
219
169
220
182
186
182
159
196
196
150
185
181
165
107
185
137
107
108
220
139
133
182
124
222
137
125
219
156
214
189
146
196
215
183
136
185
181
114
191
150
169
212
154
149
107
135
163
150
143
222
102
190
101
102
181
160
193
140
184
103
154
211
181
218
223
185
197
182
183
182
138
118
148
103
191
137
220
136
182
219
138
169
191
219
103
102
198
219
222
122
194
185
183
192
169
159
102
195
150
221
181
139
163
136
190
137
197
189
216
221
197
132
182
165
139
183
138
190
121
103
183
198
103
124
182
222
121
102
219
101
192
142
139
153
137
219
102
217
216
161
197
192
185
119
215
161
102
137
148
146
190
195
101
143
182
182
196
136
187
219
143
220
147
102
154
135
215
116
135
219
192
215
218
145
184
219
212
194
182
218
194
151
149
213
192
119
158
145
168
102
194
147
142
106
158
182
136
166
216
220
116
185
222
155
184
139
222
118
185
189
166
163
222
107
168
158
192
220
115
222
156
123
145
151
164
137
182
222
181
118
193
219
162
222
166
135
216
188
102
196
185
118
185
107
150
139
213
103
126
216
137
158
149
132
107
136
193
213
162
223
137
182
163
189
143
144
187
106
135
151
124
124
196
186
139
141
146
158
139
102
166
139
133
166
219
184
142
144
155
102
182
199
194
145
165
141
220
102
184
146
103
220
189
181
194
146
182
140
217
137
135
149
103
102
138
149
136
106
187
163
193
218
156
149
150
159
220
122
103
215
220
146
166
140
191
213
181
191
194
184
216
196
192
169
183
221
143
103
181
181
143
220
219
138
184
163
139
137
221
151
213
189
103
220
107
185
216
137
148
193
101
166
125
136
219
116
183
165
195
183
196
185
146
104
103
143
195
214
182
138
219
145
187
196
182
188
155
194
164
187
103
222
123
138
140
183
156
142
102
136
219
140
136
136
145
143
212
135
147
124
191
193
196
136
166
102
165
221
154
196
222
174
149
124
140
181
213
221
182
143
193
162
122
220
187
195
116
183
102
222
137
101
119
117
157
143
221
215
183
156
159
221
141
104
135
166
115
161
196
220
136
219
182
151
140
191
196
132
157
220
103
118
196
164
217
219
137
191
136
194
183
221
162
135
104
103
132
161
120
182
132
132
184
101
134
137
196
219
112
191
159
192
102
185
140
136
184
163
138
138
151
145
185
212
190
101
102
166
146
140
157
139
215
118
193
197
196
220
217
183
182
146
107
216
191
148
143
143
221
134
155
183
139
193
166
210
120
182
183
180
141
214
188
159
120
151
147
114
164
134
185
166
101
218
226
182
158
182
135
102
215
142
163
186
137
102
219
194
189
114
135
217
102
218
151
185
181
133
144
223
195
192
136
187
139
150
154
218
190
214
170
220
216
143
196
182
214
158
162
196
177
161
136
102
191
102
133
139
104
183
139
167
182
220
155
217
140
219
212
140
155
102
139
162
102
118
182
150
181
197
102
136
184
137
197
181
163
148
191
149
166
182
102
121
222
154
163
146
221
112
136
197
214
215
196
161
150
145
145
188
142
223
181
213
132
196
143
216
188
197
196
156
158
222
185
140
184
162
102
218
103
144
145
198
151
182
221
223
181
195
147
214
150
162
118
142
189
138
156
219
182
141
213
124
219
195
141
136
196
145
102
221
135
191
156
216
185
140
169
157
152
220
195
137
219
140
139
217
140
186
190
145
212
219
169
216
153
220
140
161
212
216
145
188
189
213
222
144
144
103
185
157
216
125
219
182
149
197
107
102
140
220
186
137
138
182
217
140
102
150
194
103
223
217
196
102
182
163
102
120
137
184
183
150
102
212
212
140
215
103
187
188
155
220
153
213
186
194
138
184
124
196
185
166
114
190
143
106
152
124
219
104
145
216
191
117
136
150
182
223
140
183
198
121
107
164
137
195
190
136
196
181
219
102
212
195
144
104
185
156
186
152
182
183
220
115
124
192
196
182
188
186
182
189
187
101
195
135
185
183
222
196
196
138
107
182
185
221
138
185
118
221
119
222
192
223
147
214
212
150
139
156
150
118
103
212
136
103
147
190
102
155
150
183
184
183
219
143
142
222
102
102
107
102
139
165
158
137
218
183
146
194
137
166
142
195
138
137
102
132
166
188
197
147
196
186
166
145
222
196
182
184
182
217
138
182
139
194
136
216
123
132
183
146
181
183
189
219
137
151
102
136
114
184
162
215
186
218
102
102
196
150
219
196
139
121
220
222
135
151
191
149
135
221
152
219
221
141
187
192
102
182
102
220
136
221
148
214
166
216
101
102
114
185
217
137
196
137
222
212
145
182
221
102
140
192
221
102
146
144
103
146
151
136
166
195
161
165
138
145
161
183
187
189
181
183
152
142
157
219
137
123
221
168
183
139
214
163
180
112
216
150
183
186
139
149
213
140
143
188
103
101
163
212
186
115
216
196
152
155
145
178
216
187
222
164
217
140
184
186
181
147
102
197
139
122
102
183
118
140
182
182
150
167
118
147
103
213
188
199
195
165
221
103
135
124
155
112
216
185
145
159
162
121
193
194
147
103
156
220
220
114
165
181
169
192
212
213
137
188
169
214
177
219
150
120
165
136
123
160
166
212
212
158
194
164
140
102
220
223
141
137
219
149
185
195
193
181
138
184
132
165
146
142
132
184
151
212
143
185
141
182
143
195
155
145
196
142
161
137
138
139
102
216
156
194
117
218
145
138
135
135
142
196
186
222
190
139
136
192
190
137
185
169
150
145
182
214
135
137
107
121
191
153
222
135
139
188
197
181
102
221
219
103
182
196
182
147
142
224
162
165
182
221
163
148
102
103
212
135
107
139
137
200
182
191
165
102
158
137
103
182
116
116
124
151
215
196
139
143
185
219
139
139
101
150
183
184
140
136
135
220
102
125
182
150
222
149
101
169
219
161
212
213
166
183
124
216
102
157
196
190
178
145
220
215
195
140
222
182
191
123
147
221
213
218
154
184
151
183
135
222
102
183
213
104
181
192
142
217
217
150
187
217
136
220
219
186
185
163
102
215
214
219
149
144
122
182
137
148
101
196
213
213
137
156
192
121
217
156
139
136
212
185
190
213
137
117
192
142
135
102
180
141
186
217
143
220
156
136
164
103
144
183
139
156
133
220
198
188
147
220
138
220
190
222
188
197
193
146
185
223
191
102
193
188
147
139
138
158
162
191
138
102
223
182
214
217
139
151
197
101
221
135
145
183
218
161
164
183
167
136
151
158
138
144
185
140
150
145
162
182
168
146
120
182
183
147
102
217
183
156
122
184
221
184
188
158
193
196
192
199
185
220
182
166
103
104
102
192
223
184
192
224
137
103
139
136
102
102
139
135
157
168
121
141
102
124
135
134
220
194
159
182
187
163
102
183
103
158
213
184
161
145
183
101
103
123
222
145
156
175
182
137
219
103
132
137
137
137
140
146
196
154
136
137
197
156
120
219
185
221
137
137
195
114
184
165
220
224
216
145
196
194
156
134
195
137
185
136
145
196
182
134
223
189
135
147
117
137
119
192
112
188
140
220
161
221
145
146
220
145
136
150
220
182
196
153
219
147
137
103
189
145
135
194
196
215
219
197
188
107
135
155
154
193
183
140
196
139
185
140
138
114
102
184
162
139
165
168
182
190
190
163
194
192
141
191
160
138
214
145
182
219
103
188
108
196
217
148
143
140
102
107
166
117
185
162
217
102
217
142
155
168
212
216
145
182
222
189
140
143
138
112
103
192
162
142
182
182
185
217
191
139
181
124
190
183
182
222
168
197
144
219
145
117
218
179
219
114
184
139
147
103
141
212
139
161
154
183
148
221
192
191
215
143
143
182
188
103
192
122
146
102
158
185
192
195
151
150
122
161
103
182
219
191
177
146
178
188
187
218
138
196
215
223
145
179
192
222
190
194
117
197
137
197
121
103
191
216
187
150
102
192
133
213
187
103
191
102
137
184
183
222
194
186
139
183
139
191
220
148
192
150
161
132
165
195
136
214
219
136
186
219
187
197
182
162
137
137
182
133
192
101
192
136
192
138
138
182
150
136
118
182
102
140
181
137
189
117
145
185
140
153
219
152
181
103
195
217
182
141
147
102
140
103
185
102
217
140
137
216
194
221
216
181
102
221
185
162
121
139
112
143
189
102
102
136
214
151
213
197
103
136
182
182
188
137
145
222
102
116
145
183
196
191
194
147
142
221
197
193
140
190
182
158
107
216
164
213
223
144
169
218
196
112
179
195
120
195
123
183
188
121
196
182
222
190
124
154
183
143
136
192
144
158
141
219
190
178
153
182
143
215
222
114
102
192
182
161
196
217
164
215
225
196
189
160
223
218
145
220
221
188
190
222
161
167
140
216
154
148
183
145
185
143
139
144
138
184
188
214
168
183
189
140
155
125
197
196
162
166
196
214
183
216
152
136
161
136
124
145
102
102
217
212
219
221
136
139
182
182
195
219
151
182
183
219
147
195
183
222
221
182
169
107
137
123
185
221
222
213
145
102
181
135
163
222
185
196
141
140
184
174
145
215
197
183
133
156
197
195
216
215
196
133
182
221
183
150
184
220
102
102
158
158
134
142
182
118
189
146
213
139
186
221
159
219
215
136
132
133
102
196
221
150
196
102
183
157
181
151
146
195
183
104
217
162
168
143
118
137
188
138
150
191
107
103
104
114
183
148
215
145
137
222
193
123
145
197
221
182
212
168
157
219
191
185
145
219
212
136
102
184
212
143
139
155
143
145
223
124
137
216
217
103
106
136
221
196
186
222
188
221
193
147
146
219
192
189
194
165
191
161
136
188
194
161
196
198
137
212
185
121
218
192
149
166
222
194
137
197
123
181
192
145
158
197
140
216
140
165
145
122
148
137
104
117
147
192
216
190
137
187
124
139
220
101
136
219
182
117
215
154
150
188
181
210
135
183
194
217
222
195
136
112
102
139
136
197
182
104
189
217
183
188
103
222
158
194
138
191
185
191
147
218
139
212
184
138
146
194
192
137
149
137
136
104
151
140
191
187
162
189
185
219
142
184
152
150
147
213
103
187
149
164
216
221
158
182
137
196
164
181
212
182
220
137
162
183
182
136
137
104
215
188
121
197
118
216
185
219
221
102
182
123
215
197
182
102
196
221
194
141
112
183
139
137
102
162
115
145
189
145
182
112
195
158
143
135
103
102
103
218
217
121
117
141
192
107
162
189
222
103
140
217
213
143
181
154
219
121
181
187
136
102
189
179
183
147
166
212
196
219
182
112
149
183
191
189
161
188
196
182
102
137
216
148
182
159
155
219
197
121
136
195
120
101
195
138
107
215
178
222
222
182
185
166
137
135
117
102
143
118
195
122
182
139
181
137
185
164
134
215
221
223
102
114
185
219
194
221
192
196
215
145
116
136
183
158
168
198
153
182
103
192
141
146
164
189
193
146
117
145
137
156
184
103
191
102
182
146
213
137
123
159
132
193
184
185
145
182
191
219
102
137
137
163
158
133
182
196
161
163
152
165
190
139
187
103
141
195
116
191
188
136
184
156
164
186
184
225
137
102
164
221
147
212
143
217
137
158
163
124
122
102
148
138
196
219
137
159
138
152
144
222
196
103
159
133
195
221
217
219
165
101
137
183
118
103
188
188
185
186
102
155
219
137
220
124
107
140
136
156
139
144
185
147
139
165
140
214
136
154
184
195
151
103
197
188
144
183
102
189
116
183
150
114
139
166
189
103
142
215
162
222
102
186
165
140
142
165
196
151
143
145
150
102
149
182
144
183
188
164
213
184
196
143
165
164
166
101
196
145
195
215
165
106
192
146
136
188
185
103
183
146
182
135
146
182
223
188
117
177
193
190
159
169
137
194
182
102
132
196
185
142
136
192
155
218
163
165
166
144
214
196
195
184
196
157
103
135
182
191
185
220
136
182
196
179
145
219
112
217
164
151
123
185
112
183
184
117
136
136
146
219
179
218
137
212
145
136
139
195
222
166
220
155
166
145
138
185
196
102
184
145
118
196
197
162
137
164
145
159
222
193
143
139
182
140
137
212
161
182
137
103
197
212
149
166
187
221
183
222
139
220
185
194
140
102
187
193
142
153
222
221
182
184
182
102
161
103
137
192
214
162
136
136
224
185
168
169
145
220
166
183
195
212
188
188
103
218
114
161
137
214
121
140
138
140
138
195
135
196
102
136
133
198
183
186
141
220
182
185
191
138
215
177
182
144
214
124
183
156
163
112
218
155
196
218
137
103
222
221
113
185
187
117
163
162
219
161
193
186
164
188
137
102
185
137
143
185
188
161
103
179
184
103
161
161
161
107
192
102
182
186
185
139
181
213
219
212
182
163
137
146
136
222
222
166
222
219
186
190
195
140
194
184
220
184
136
196
149
222
