155
207
115
201
151
156
184
133
190
135
153
148
177
163
152
146
191
194
112
123
195
137
215
213
164
200
188
212
112
177
114
119
191
141
134
178
197
165
152
123
150
211
184
127
199
129
119
166
134
105
120
161
176
149
211
187
163
199
173
147
125
186
185
105
113
116
148
120
186
173
168
162
207
201
185
155
105
173
204
118
186
187
212
184
111
123
251
181
133
139
206
161
190
137
136
184
145
183
117
157
114
145
205
169
146
154
147
136
128
198
107
105
239
139
164
107
156
167
216
211
172
111
124
106
199
142
174
112
210
241
168
111
211
115
205
189
155
203
164
110
133
202
174
201
174
167
142
202
182
143
191
211
106
180
123
212
183
110
155
114
163
132
197
211
128
158
185
167
185
175
114
117
117
173
165
155
136
156
180
193
204
178
151
174
151
219
142
109
194
138
200
207
245
178
161
203
147
152
157
167
146
125
172
126
186
124
177
183
151
114
174
109
169
165
177
149
111
203
168
229
133
197
144
124
196
118
147
162
214
169
194
147
213
151
180
203
212
114
106
181
158
163
198
214
191
152
107
189
194
133
109
210
157
171
118
185
127
186
117
165
118
114
157
175
167
208
142
149
105
140
156
203
200
114
193
172
143
212
156
105
137
187
202
185
129
110
149
126
109
118
135
200
136
197
208
195
132
179
203
169
206
122
193
123
167
180
179
179
119
191
214
115
121
201
181
106
188
126
136
162
143
116
172
116
156
214
150
176
149
119
129
192
158
195
135
165
216
147
197
111
192
151
210
146
195
172
177
139
205
121
208
115
157
174
179
123
180
143
215
184
191
130
128
203
183
117
121
195
113
154
141
108
153
195
212
144
115
179
205
192
144
149
203
207
152
202
129
191
160
192
202
133
147
138
201
122
153
167
155
104
114
140
157
200
147
114
143
196
194
136
213
115
185
144
210
197
216
192
162
162
170
181
167
199
113
154
203
217
170
137
149
141
211
150
181
208
167
163
148
149
186
160
175
109
119
202
120
184
166
162
154
189
130
183
126
157
147
112
150
173
136
170
137
193
211
130
175
137
205
167
108
138
106
171
113
212
114
124
173
209
200
193
193
130
131
157
140
178
168
201
248
108
115
210
144
115
168
127
173
165
110
209
217
193
179
201
197
186
173
212
211
148
213
155
121
204
144
150
122
145
143
213
128
203
220
143
158
119
133
152
127
208
152
136
205
164
176
118
194
188
179
124
141
160
174
151
131
212
147
189
149
199
135
108
202
193
152
179
117
115
191
117
148
209
213
188
200
185
114
181
206
109
242
196
147
125
124
118
113
121
170
109
189
165
125
209
197
194
201
161
189
160
186
176
175
142
171
170
130
211
199
119
156
211
132
110
202
108
198
215
186
130
160
161
166
136
189
187
105
136
156
141
155
106
187
114
214
119
184
162
183
213
168
173
171
131
108
206
208
160
196
148
202
125
201
207
154
169
139
106
149
207
208
141
111
172
200
110
212
166
159
214
194
134
164
190
169
160
186
165
191
211
129
130
177
184
123
131
132
157
194
143
156
204
110
169
153
214
124
183
148
171
212
148
143
108
159
212
113
174
104
111
204
192
143
186
206
145
162
204
202
177
135
136
197
110
134
111
145
206
109
142
109
121
168
217
156
134
117
120
130
199
158
211
166
190
204
156
152
169
134
116
200
203
170
189
110
126
203
207
201
134
154
134
180
208
158
140
117
171
120
131
183
124
142
196
187
200
120
191
171
169
175
151
159
141
145
145
123
176
199
214
160
117
207
141
176
152
185
213
149
157
143
111
169
215
194
163
122
172
116
180
125
215
151
120
202
185
129
163
142
118
133
133
184
166
188
161
127
156
196
182
202
207
136
128
195
208
152
130
180
205
106
140
158
250
176
202
182
124
147
195
208
145
106
129
107
136
184
190
148
118
129
180
217
164
166
116
160
105
130
187
154
157
117
191
127
198
120
144
128
152
108
148
117
134
148
188
149
195
152
123
126
170
178
144
199
164
206
193
170
211
176
188
146
213
189
108
178
189
146
127
178
131
137
199
212
164
127
157
186
109
129
142
134
167
180
179
183
195
197
170
107
136
203
148
165
162
161
161
112
194
166
117
209
112
165
158
131
144
146
138
191
206
223
205
152
160
121
161
171
144
198
178
195
118
163
205
137
192
168
175
135
158
135
126
149
138
120
149
199
209
200
150
197
141
107
134
112
141
207
159
144
193
142
151
168
122
183
205
194
195
194
149
203
213
183
175
162
208
112
197
126
131
108
154
133
120
175
193
169
127
202
159
164
128
158
150
190
208
174
119
132
157
192
167
153
207
172
198
177
159
145
205
172
146
116
206
214
155
128
162
158
213
140
201
176
202
118
157
199
199
211
107
175
216
174
213
120
142
160
173
158
166
171
153
155
162
159
138
147
109
148
173
170
161
134
181
193
130
135
109
179
189
125
147
197
153
152
113
124
184
144
161
167
196
141
180
170
210
115
183
121
171
198
150
218
164
156
132
165
168
170
193
110
109
185
140
175
160
208
155
201
135
144
175
173
123
163
107
154
201
118
143
175
184
105
164
216
210
120
208
201
170
164
132
215
158
185
178
160
158
133
151
119
138
174
191
197
198
203
180
125
162
143
134
192
121
190
210
213
160
133
174
180
176
146
211
158
143
117
142
129
172
106
155
184
160
196
149
190
124
182
179
108
176
108
161
139
178
191
165
143
197
126
109
147
164
182
193
175
154
175
160
157
104
140
157
206
183
180
121
151
166
206
147
126
140
179
196
156
177
213
196
113
149
164
105
170
163
145
214
145
198
119
124
174
136
189
208
178
176
176
146
216
118
173
192
142
214
127
203
180
159
182
183
198
183
196
106
163
172
163
200
162
180
243
110
138
167
189
110
150
118
111
152
123
196
148
172
208
192
178
161
213
109
116
186
153
205
176
209
190
199
208
164
121
138
123
197
108
198
122
140
172
181
171
189
156
193
113
134
128
168
174
185
152
214
176
177
192
210
143
107
200
215
169
191
116
206
148
184
121
164
207
140
111
175
173
202
189
148
204
204
211
210
186
173
190
208
181
142
128
188
160
173
161
160
126
215
202
145
123
184
202
185
129
137
201
153
202
109
149
160
126
107
133
134
150
130
190
146
138
115
167
139
158
180
120
181
202
159
150
116
147
158
111
162
137
215
112
111
195
114
145
143
130
143
190
199
138
209
142
170
192
202
199
154
118
145
115
109
142
156
134
149
113
156
156
115
159
163
180
210
140
190
140
179
184
211
189
138
178
121
131
154
162
184
168
166
151
108
177
112
116
155
209
164
203
124
161
132
142
136
131
142
153
187
156
158
112
127
118
151
159
193
176
166
118
178
198
149
150
146
153
140
135
122
190
159
199
215
107
134
146
216
195
185
197
168
211
139
120
115
195
186
157
135
127
123
157
140
200
208
149
214
144
211
159
113
108
158
145
169
172
125
199
119
211
137
128
192
198
115
117
196
197
176
149
183
121
112
168
185
166
129
117
136
132
152
195
154
175
209
105
117
193
195
121
123
107
209
210
197
179
184
175
175
141
197
147
123
114
138
162
175
185
168
207
157
201
189
109
119
169
156
155
122
162
137
141
145
121
178
168
144
105
152
212
123
177
129
146
176
152
143
206
171
240
206
154
132
149
140
158
131
106
145
115
206
160
158
129
183
153
182
196
134
201
130
194
155
143
210
163
109
170
146
117
118
106
154
130
173
116
185
155
106
135
164
131
191
197
137
116
167
203
199
141
155
172
170
125
166
133
111
126
154
146
178
204
185
171
105
107
173
182
154
160
155
184
124
176
209
106
187
185
192
212
108
112
193
168
153
130
168
167
135
194
215
161
154
112
115
178
139
165
169
196
184
164
206
197
181
141
165
189
163
133
144
154
213
196
175
181
212
144
145
197
154
199
147
126
126
132
199
158
191
216
214
123
194
147
190
160
162
154
197
128
181
161
175
209
209
122
206
129
141
177
197
137
126
215
159
181
125
178
108
176
146
184
146
156
118
129
147
144
182
124
186
170
159
187
133
139
134
175
207
212
207
209
156
117
170
168
203
179
157
188
207
127
162
165
116
141
182
107
214
167
119
153
112
148
163
178
207
149
119
197
186
105
180
203
125
115
179
104
212
204
168
195
144
162
147
110
186
167
147
150
145
195
127
200
157
109
207
160
117
116
146
159
162
151
147
116
210
170
131
122
166
149
154
237
156
136
135
124
112
202
111
209
166
212
128
143
117
192
131
192
204
200
176
211
105
125
108
152
146
193
152
108
149
127
200
169
139
134
177
108
186
116
170
190
124
183
203
110
165
133
193
193
206
144
122
123
173
163
183
105
124
209
214
144
133
174
172
166
191
168
137
208
210
175
191
209
206
145
177
190
156
139
179
123
174
145
188
197
155
140
160
131
216
173
186
213
135
212
145
123
130
193
141
181
203
113
109
189
134
123
111
192
196
146
113
116
114
155
214
168
141
113
107
200
114
188
164
135
209
184
120
180
211
145
183
127
131
132
202
153
178
167
170
186
138
128
196
132
211
123
137
173
192
142
195
148
173
187
106
125
182
110
158
120
199
111
131
143
118
215
212
149
169
200
139
106
129
150
153
161
197
189
175
163
173
179
186
162
162
176
113
105
108
180
209
157
193
128
121
116
131
121
149
149
136
179
131
107
117
125
110
213
141
163
107
109
120
173
157
156
135
208
206
192
171
180
144
116
215
176
145
208
194
188
200
132
142
177
209
207
123
205
204
194
151
156
234
154
188
156
174
138
167
210
140
124
110
188
106
196
133
124
158
214
196
204
195
111
151
177
132
187
210
114
136
128
171
120
166
202
214
140
171
172
194
201
159
188
148
107
127
117
116
205
107
198
208
182
169
157
188
202
107
110
173
104
127
162
164
195
148
209
178
195
130
192
109
194
109
118
125
176
170
176
140
214
166
205
128
209
192
156
195
134
139
195
158
193
138
125
118
171
204
212
138
151
149
193
202
201
204
130
167
180
153
172
181
135
182
164
188
187
108
118
131
221
156
173
213
194
177
171
123
104
201
196
161
167
209
133
165
181
207
148
142
193
187
161
186
142
115
201
132
111
181
172
200
161
111
208
203
125
142
119
127
154
131
169
143
195
146
121
115
109
171
172
147
113
133
197
206
133
112
213
135
206
154
119
106
110
135
146
114
107
156
137
174
181
215
177
145
118
125
210
201
136
174
122
185
156
140
186
109
154
117
196
201
112
170
137
190
187
155
174
134
180
115
110
197
197
140
182
132
210
176
118
208
162
147
126
173
121
135
133
119
187
141
122
141
181
126
163
165
142
201
190
198
163
149
179
142
146
130
201
177
125
208
182
106
179
157
159
123
196
208
162
157
192
159
118
115
206
208
140
197
165
210
202
203
185
124
123
173
119
146
202
138
167
125
161
105
130
205
140
112
197
192
198
165
178
191
210
107
151
172
130
186
209
199
200
206
150
121
165
160
149
201
147
113
199
204
158
192
194
110
178
125
143
212
163
182
172
165
213
139
141
126
195
190
128
152
188
119
160
147
168
139
171
138
108
133
160
106
191
171
116
210
207
137
167
161
105
185
156
116
213
133
169
171
194
155
129
200
217
185
198
124
119
106
175
118
199
179
111
114
187
197
139
142
108
148
154
156
140
190
177
200
125
169
125
208
181
179
185
208
207
127
124
169
180
172
209
179
125
171
166
198
196
113
131
205
113
179
120
112
150
214
148
187
128
190
214
170
121
172
123
189
199
147
119
177
178
106
139
188
167
195
115
123
130
180
110
153
148
140
128
205
175
178
161
117
112
204
150
124
206
187
137
189
164
133
148
203
120
200
164
128
190
199
164
107
176
183
189
209
210
162
178
193
212
108
112
183
122
168
165
132
133
212
163
174
164
159
156
137
147
212
152
112
122
129
182
178
169
113
182
132
122
156
133
216
123
159
157
193
191
138
115
183
163
163
196
205
206
186
196
181
202
185
203
138
117
134
148
140
155
168
191
130
170
161
177
150
161
207
146
135
152
148
164
122
177
161
143
207
169
198
210
133
174
155
115
126
209
198
182
113
165
159
192
130
129
209
184
244
210
139
212
187
213
145
191
199
211
208
109
152
132
210
126
206
172
194
172
172
213
116
173
116
113
206
124
117
125
209
135
137
213
138
122
175
114
190
105
166
153
178
203
131
159
186
132
200
180
131
136
166
116
200
185
129
166
107
205
132
161
204
199
126
124
127
204
195
195
201
204
152
208
194
190
138
149
130
151
130
123
180
108
119
167
184
145
152
137
127
202
183
130
129
182
207
150
146
163
142
107
128
175
146
153
148
154
210
175
191
106
180
158
173
162
124
187
154
206
211
142
211
190
165
192
119
143
105
181
131
123
142
140
205
195
161
126
127
140
207
143
121
153
158
180
114
149
136
138
128
198
156
143
168
246
157
185
215
153
208
193
151
144
206
141
193
177
201
181
141
198
128
172
177
165
142
175
168
168
148
186
194
148
173
119
179
210
116
150
107
125
111
188
149
183
167
185
165
136
139
118
177
122
187
113
140
170
171
138
141
189
200
210
155
150
121
172
138
149
119
215
212
144
167
182
145
140
137
161
133
144
139
164
186
134
187
159
110
156
127
190
115
183
118
118
196
113
226
205
198
121
154
108
163
123
124
208
212
152
168
211
127
132
150
111
214
191
112
194
196
159
166
201
148
111
159
190
215
187
109
188
143
146
129
134
145
210
119
172
194
220
110
188
109
116
201
177
174
121
172
216
181
109
183
209
123
136
169
166
114
110
212
173
150
112
211
119
204
177
153
192
160
197
169
166
163
135
212
124
173
184
146
144
122
215
165
151
185
112
184
114
158
193
141
172
195
200
207
168
177
199
155
210
129
141
153
132
105
141
162
121
130
147
204
165
113
185
117
183
206
139
182
149
161
168
134
162
162
207
151
108
167
199
200
119
184
116
189
159
186
197
211
136
193
112
190
119
172
158
188
114
143
184
133
154
200
106
183
167
177
203
136
132
129
192
166
122
166
110
181
169
131
149
141
150
108
168
143
143
211
197
189
191
188
207
131
141
202
120
151
184
156
153
130
166
199
127
133
163
177
157
214
121
129
183
148
161
210
176
154
111
165
167
155
200
159
111
158
172
115
148
133
163
105
183
192
233
196
204
164
186
107
213
215
122
124
169
119
179
182
194
177
121
193
121
138
207
109
162
214
211
108
205
165
185
127
153
198
130
238
114
138
133
179
106
175
205
205
158
213
180
126
170
139
196
161
134
205
185
207
176
184
135
187
205
121
187
186
126
168
201
121
122
206
119
152
125
164
187
204
203
180
192
128
174
150
166
174
115
190
171
194
160
105
141
139
175
191
137
186
159
198
143
210
160
140
189
197
122
209
177
204
121
125
132
146
142
154
110
209
107
197
110
191
213
185
107
115
204
113
126
144
129
167
118
198
120
131
110
149
173
163
108
158
179
147
193
116
180
206
161
146
171
209
111
178
180
202
118
160
152
210
151
109
187
150
176
178
145
157
188
212
132
141
165
236
111
171
159
136
131
175
196
174
177
116
216
175
214
132
145
152
153
143
122
186
189
111
204
139
166
215
184
156
203
113
135
168
197
168
203
205
167
159
111
141
113
212
181
184
206
211
112
174
155
185
189
179
207
205
133
174
108
134
207
131
160
182
107
128
203
184
136
184
202
162
205
204
195
208
137
158
191
158
193
143
182
125
189
112
175
159
189
156
211
109
146
137
172
199
125
128
152
171
169
122
142
141
130
198
139
153
206
124
137
116
184
135
114
187
169
126
159
106
125
211
163
133
209
113
187
196
117
164
204
154
138
139
177
203
127
127
182
163
172
171
183
194
107
178
123
203
204
164
182
110
200
191
150
189
181
151
182
181
123
129
166
147
181
124
111
195
122
112
206
198
180
160
112
117
130
127
131
213
113
105
165
130
166
193
212
196
139
175
208
109
144
144
156
205
207
160
152
191
139
201
116
123
115
214
157
126
109
182
208
140
190
152
188
105
181
125
163
175
192
151
127
170
210
247
127
154
212
161
170
148
145
125
109
146
210
173
120
186
216
129
115
170
131
172
169
147
188
141
180
135
201
189
211
161
150
161
153
164
193
186
183
145
165
205
125
205
117
167
136
127
151
157
159
167
101
167
189
133
206
155
169
139
122
113
144
200
199
109
136
153
203
174
148
167
201
122
194
137
209
135
138
209
211
118
106
153
208
146
199
116
214
174
185
149
128
184
108
136
155
212
202
156
116
149
194
211
122
130
169
116
185
128
133
185
194
184
178
205
204
165
185
199
156
116
178
166
182
199
207
140
126
130
168
121
192
136
114
215
152
158
130
204
207
183
164
189
120
114
158
214
115
112
137
184
108
187
154
121
151
165
136
113
120
125
166
136
202
159
163
114
192
213
122
171
190
192
170
193
148
111
116
159
162
180
117
145
208
181
172
123
198
115
122
123
124
117
114
192
147
156
181
194
181
111
212
151
124
142
188
160
201
159
169
182
133
178
164
129
127
205
212
128
160
171
202
203
188
121
194
193
191
106
152
165
184
181
108
129
205
206
114
209
181
167
134
142
134
113
169
174
214
132
176
174
188
189
122
173
208
111
182
210
120
172
127
207
176
203
193
189
199
202
175
136
119
179
176
110
123
208
130
124
215
201
152
155
159
138
167
206
181
192
176
196
137
111
182
162
154
198
112
159
176
140
182
123
171
179
108
164
140
109
146
193
195
175
189
110
146
137
135
178
152
135
137
140
207
108
162
140
116
130
197
178
113
172
129
184
215
118
204
172
143
130
202
157
113
138
147
128
113
222
179
176
151
183
215
169
193
213
105
153
178
230
198
129
151
115
135
179
111
157
124
128
152
155
213
184
193
195
163
116
112
219
235
107
154
120
137
203
165
116
120
117
211
112
195
107
122
189
148
196
176
144
201
125
126
148
139
198
171
167
201
110
125
212
139
147
194
171
197
106
109
129
157
146
200
213
158
150
174
184
149
215
171
145
187
210
181
212
197
131
107
179
212
146
201
136
119
132
133
132
164
116
127
164
134
174
174
124
147
212
135
113
177
159
134
119
152
205
111
120
105
179
116
172
198
173
109
153
190
135
135
115
139
107
123
194
106
150
186
131
118
134
154
134
161
180
163
182
208
168
116
173
148
188
136
120
120
133
170
207
202
180
155
159
191
185
122
161
135
192
160
191
209
150
174
210
174
200
198
169
120
124
209
140
208
196
139
110
112
198
177
201
153
140
173
138
163
194
166
114
198
114
125
211
122
105
203
169
113
192
160
198
209
170
212
199
208
191
128
150
162
205
122
176
215
158
117
192
187
179
153
158
147
209
183
198
176
151
105
146
151
186
188
114
190
150
183
151
188
163
188
141
131
164
147
155
196
170
152
126
213
191
173
128
148
214
146
150
129
185
174
164
135
130
117
167
165
132
109
158
157
166
108
148
139
116
107
115
143
118
200
121
129
177
129
110
182
207
181
182
126
213
185
191
206
163
166
138
115
116
172
185
170
132
167
157
132
161
156
211
128
184
148
161
176
205
119
191
131
214
117
145
150
200
183
157
157
121
202
147
125
109
166
166
127
154
129
203
176
172
202
111
121
139
141
142
195
131
163
154
157
201
212
138
160
201
163
135
163
190
175
187
167
120
170
170
108
203
114
184
184
117
189
106
194
152
150
114
203
151
119
176
142
194
168
141
214
209
145
180
113
210
201
139
180
131
166
165
199
118
215
183
199
110
142
161
106
112
192
132
139
161
186
129
125
154
209
178
150
164
148
116
194
148
177
141
115
191
139
136
202
121
174
190
211
182
157
128
173
207
158
120
169
153
171
151
112
145
165
151
166
173
106
108
175
115
131
113
213
198
164
154
191
185
191
205
163
204
183
170
132
180
190
143
107
178
208
119
213
206
204
197
121
181
122
187
123
107
176
201
140
117
168
107
112
159
188
190
143
135
118
112
186
112
132
171
123
127
193
118
114
190
194
130
124
203
195
162
136
203
108
186
132
199
187
210
152
137
179
105
190
105
137
134
213
118
152
200
174
175
135
158
160
155
134
128
119
138
193
167
178
136
185
120
145
125
165
168
195
126
215
106
173
141
165
214
139
114
138
199
121
188
126
127
144
169
113
165
109
193
130
195
126
166
208
193
153
151
110
154
166
132
160
112
120
174
162
209
206
172
138
128
106
213
164
204
114
133
116
179
180
107
173
191
144
134
224
118
177
199
133
146
164
147
214
182
134
108
147
146
157
183
171
214
198
169
114
101
179
132
160
189
171
115
179
159
156
204
124
136
144
144
128
104
132
186
186
106
186
194
164
208
135
115
225
144
189
122
155
140
199
207
129
135
141
209
187
211
150
114
140
108
145
158
131
106
106
176
139
180
132
176
189
146
139
120
198
152
176
155
107
143
139
119
137
145
138
105
124
133
211
142
136
208
172
208
168
177
178
136
151
113
163
201
126
146
118
131
202
163
190
175
195
170
178
111
120
171
171
197
139
118
158
105
144
110
213
135
129
169
214
210
115
192
187
196
119
208
122
150
181
156
129
111
112
151
150
115
192
209
113
117
128
197
180
179
149
182
160
108
183
126
159
161
194
185
155
106
133
214
192
202
148
147
137
198
210
114
231
207
118
188
204
188
142
181
180
150
192
150
155
125
119
186
202
190
143
138
117
202
180
203
207
187
178
119
134
191
200
134
141
199
126
205
142
167
196
168
126
171
106
200
126
197
143
188
181
123
127
117
163
215
106
112
196
151
206
137
142
134
213
124
143
206
175
124
189
164
197
192
129
170
188
137
133
228
187
199
203
200
177
187
197
162
187
116
145
189
191
109
175
201
143
154
204
132
140
153
205
199
107
130
119
134
189
188
144
125
211
146
176
227
188
114
167
174
163
214
177
183
122
124
167
177
181
132
105
109
131
144
135
205
205
214
168
184
184
141
151
115
193
142
155
182
206
113
144
150
122
140
171
129
155
141
170
117
174
128
120
170
157
187
190
196
111
122
127
179
147
153
204
178
183
129
107
141
131
188
206
131
134
128
172
169
181
149
108
161
212
112
166
160
174
216
169
195
190
164
121
207
144
158
153
142
141
126
187
168
143
186
126
121
127
110
155
174
179
154
154
132
120
182
162
135
217
139
138
131
169
210
112
120
122
213
162
158
137
121
133
190
108
152
188
125
129
202
159
178
139
213
196
138
208
157
148
155
214
137
194
114
120
211
124
125
181
111
150
149
