727
285
2210
792
732
2185
2469
2209
259
2181
2170
2221
2468
2446
144
2484
2467
2467
791
2169
2170
2449
2485
792
2446
2448
2169
2435
285
2168
2469
792
2486
2212
2209
716
2189
2190
790
791
728
730
2182
2211
2191
728
2184
111
2468
285
715
2466
2445
2187
2180
260
259
791
2435
732
732
286
2447
2183
2490
286
2209
2435
260
2448
2186
729
2445
2215
2447
2184
2170
728
2446
729
2188
2210
727
2183
111
2468
2488
791
732
2181
2210
285
729
2189
716
2466
789
727
2210
2209
2449
2466
2484
2187
259
783
793
2484
717
733
730
715
2219
2182
2209
792
2466
2169
2469
2487
2169
2184
782
727
2488
2433
2188
731
2489
730
2180
2188
2186
2180
2489
2187
2468
2488
260
259
2186
2433
2445
2210
2184
2180
2218
2219
790
2215
2184
2181
261
792
728
2189
790
2449
2487
2169
789
2217
2488
2219
2219
733
2468
732
2436
2208
729
2188
2214
2444
2445
2187
2169
2169
2183
730
285
2185
733
2489
733
2436
2210
259
791
2433
260
791
2446
791
2449
789
2187
2221
2220
789
2450
2170
729
2187
2446
260
2184
2182
2210
732
2217
260
2445
2487
2189
792
2486
790
144
2209
2169
715
2219
727
2217
2185
2216
2168
2217
2445
2219
2220
2211
782
2468
2486
729
2449
727
261
2186
789
145
2469
2180
2448
2208
2192
2185
2184
2488
782
730
2216
2209
260
2487
2445
2436
783
2488
2445
2466
2488
2444
791
2190
2190
2183
261
790
2184
2436
286
2216
2185
285
2489
2447
2168
2218
2468
2221
2191
2445
286
2184
2214
731
2180
2211
2489
286
2211
782
2468
145
2447
2485
2180
2216
727
2215
727
259
2213
2488
2215
2448
2447
260
2185
2179
2485
261
793
2181
729
2181
729
2184
2216
732
2468
792
784
2189
2435
717
2445
730
790
2189
144
285
2446
716
2447
2169
2447
727
2488
2468
259
2191
2218
144
716
2490
2185
730
2216
728
286
2188
717
2190
2183
2191
2209
2445
789
2489
2213
144
2219
2444
2466
2169
144
791
728
2218
2466
2188
783
733
2487
2182
286
2182
2184
2183
790
2214
2214
2446
2489
285
733
2210
733
729
2434
790
2484
260
2220
2214
731
2447
783
2449
2211
2170
717
2214
790
2216
2466
788
2436
2214
791
2488
2182
2211
2489
2435
2184
716
2484
286
728
2488
2466
2208
2214
2217
2185
2489
2215
783
792
260
2468
2189
2217
2191
791
2183
2179
790
717
2216
731
2215
2434
732
2470
733
111
2215
259
2466
2183
260
2208
2434
144
716
2218
2435
2184
2188
733
2466
2486
286
730
2185
2485
2488
2208
2218
2217
790
792
2435
2490
2210
731
2168
2468
2187
2466
2467
2184
2219
2470
2468
2184
2446
2186
2486
730
2434
2469
2216
2170
2189
2447
2170
2446
2219
728
2218
2436
2434
2447
2467
2217
2187
2216
2210
2191
790
2489
261
260
2209
2188
2214
783
2314
791
790
715
2614
715
792
2595
2312
730
731
728
2596
715
716
285
2340
2614
783
2574
2307
2341
2615
2345
2344
789
2344
783
2594
2572
2309
731
2562
727
729
2574
2306
2309
791
729
2335
2312
2305
2316
789
2613
2294
2612
2561
788
2560
2596
2295
2316
728
2592
2560
2317
727
2306
285
715
782
260
730
2611
285
261
2345
2346
2595
2317
2295
731
2595
733
2612
2311
2611
2571
2610
716
716
2592
731
729
790
2335
2571
2616
145
285
2342
2311
2561
728
2574
2560
2612
2615
2573
2574
2317
2315
2296
2610
2314
791
731
2341
2339
2310
2341
285
2575
732
2575
2337
727
285
2592
733
2294
2314
2571
2612
2311
2342
732
2347
2311
732
261
2573
2342
2345
2295
2310
2343
2571
2294
2317
730
2310
2595
2341
728
2596
2610
2295
2571
732
2595
783
2611
260
2561
2592
2311
728
261
285
789
728
717
2610
2310
2614
2614
2307
2593
2341
2346
2592
2611
788
728
144
731
789
2315
727
2340
2313
2611
2342
2610
2613
2335
2616
2610
2317
2570
2315
2560
731
2311
730
2342
2294
2337
2593
2561
2595
2342
259
2344
2335
2306
2596
2309
789
792
733
259
2336
2611
2344
2573
2559
717
790
2316
2341
2612
732
2316
2561
2593
728
2296
2318
2593
2337
259
2337
2574
2560
733
2612
2310
2611
2570
2346
2311
792
2574
733
728
2592
2295
2317
717
788
716
733
2573
2306
285
2612
2615
2592
2573
716
730
2308
2312
732
717
791
2310
2341
732
2570
792
2335
727
2346
729
2596
260
2336
2308
716
790
2306
285
2310
2595
2347
2314
2574
733
2342
732
788
2611
2314
2592
2573
2612
790
2335
2595
790
2310
2310
783
2335
792
2315
2347
2345
2593
2316
2336
729
2575
2574
2295
2342
727
2341
2341
792
2342
2316
2570
2306
260
2342
728
2592
2570
2573
2611
2295
730
2345
259
145
789
260
2574
144
2313
2308
727
2594
732
2594
286
2308
791
2561
788
260
2340
730
2612
2317
2612
716
2344
792
727
2309
2345
727
2312
2335
2610
2613
2308
2335
2335
2340
2346
2560
789
728
730
2612
782
259
2341
2336
2345
2344
2570
261
2312
111
732
2344
731
2337
2312
2574
716
2313
715
2570
2340
717
790
2305
732
260
2340
2345
2595
2616
2310
2341
790
2562
2339
2573
716
2344
791
2313
2313
2561
728
2595
2341
791
715
2575
2310
286
285
2573
730
2610
783
2315
782
783
717
788
2336
2571
2337
2310
2559
783
2574
788
2592
2311
2313
716
2574
285
2594
2306
731
259
2574
728
792
2344
145
726
2615
2593
790
260
2315
2311
2613
2312
728
2340
2561
2613
2309
286
2342
2306
2561
2294
2572
2308
2615
2310
2561
2309
2613
2615
2308
2296
2341
2593
792
730
2310
729
716
2344
2317
2315
2337
145
788
2574
716
728
2574
790
286
2595
2317
2613
2573
111
731
2595
2560
2346
2611
2296
717
2572
729
2613
2614
144
2595
2310
2594
728
2573
731
2429
2685
2457
789
2407
2706
2672
2727
2427
2447
2683
2707
2704
2424
728
2427
793
2455
2428
2426
2449
2420
2448
2420
2686
2673
731
2427
2706
2704
2418
2725
2672
792
144
2727
2454
2454
792
2420
2682
717
2418
2421
2448
784
728
2704
2456
2424
2457
261
733
2722
2725
2407
717
2686
2723
2406
791
2455
285
2426
2423
2424
2424
2456
2704
2428
2727
2686
2686
2674
716
2427
2722
2686
2459
734
2726
2704
2455
2723
2452
2427
2724
285
2706
2422
2449
2423
2687
2722
730
717
2727
2425
733
2429
717
2422
716
111
2455
2672
718
2421
2423
2449
2455
2406
2447
2671
145
261
261
2727
2427
2683
2705
2447
2684
2686
2723
2428
2727
2673
791
2684
730
716
2726
729
2422
2456
2686
2724
717
2407
2725
2727
733
2455
2422
2453
732
2428
2685
2418
2674
2727
2722
793
2428
2456
259
733
2455
261
793
2419
2685
732
2407
2725
2684
2707
790
2687
2457
789
2727
728
2458
792
285
2455
2454
2685
2427
2688
2684
2427
728
2420
2673
718
2447
2723
2407
2457
259
2407
732
2726
2418
2683
2456
2420
2430
144
792
2686
2408
2420
718
2455
792
2419
2407
2684
790
2428
793
2426
732
716
2723
2686
2723
729
285
2684
286
789
2707
728
792
260
260
789
732
2406
144
2454
2704
2407
2424
2417
2425
2723
783
2449
2673
2684
2685
261
2672
2407
2406
2429
2454
2457
2418
2706
2458
260
2428
2727
2707
2683
793
2420
2688
2423
2421
2725
2448
793
793
784
2685
2430
2725
2427
732
728
2726
2417
2453
2724
791
2426
2457
259
2423
2408
2422
2421
2728
2725
731
2455
2457
730
2728
2686
2684
2727
2705
2459
733
2706
2726
790
2727
2708
2724
2708
2420
784
2674
285
793
2708
2688
2687
2419
2455
2675
2424
2685
2427
792
793
2723
2455
2675
260
2426
791
2425
261
285
2455
2429
2709
2459
2459
730
2458
2707
2674
793
729
2449
2688
259
2425
2407
2688
2424
735
2707
2453
2426
717
2687
2448
793
2458
286
791
2450
2408
2673
2419
2705
728
864
2459
2407
851
2459
2705
2684
867
2726
2675
2427
868
2408
2675
928
2674
2708
925
2725
865
864
868
2408
862
2685
865
852
2708
2450
2454
2674
2456
2450
2450
866
917
2418
2723
2407
2683
926
862
2455
2423
2421
2707
2407
2725
866
145
111
2725
2407
2420
925
2421
2458
2723
865
2423
2425
2459
2726
2687
865
2687
2456
2687
2450
2688
2450
2674
867
864
867
2726
2448
2708
927
2726
851
2684
918
2423
2726
2683
2425
285
851
2420
2452
2706
285
2673
2453
2452
2673
2724
2430
2460
260
918
2725
2723
2447
2456
852
2708
2458
2455
865
2453
2426
2456
867
2448
286
2546
2553
2815
2815
2834
852
2580
2800
2580
2583
865
2580
867
867
260
2802
2853
2550
924
863
260
2852
862
926
2832
2811
2855
865
852
2546
850
260
2556
850
2855
864
2811
2575
927
2855
926
2853
2800
2548
2576
2812
2534
2548
2583
260
286
2582
144
2582
2852
2813
926
2583
2553
866
2536
2535
2801
2812
2576
2811
2552
2853
2851
2835
865
2833
2579
918
918
852
2813
2558
2799
2548
2802
2556
2549
2575
2833
927
926
852
2584
924
2853
926
2851
2553
2556
2576
2576
866
2575
260
2576
2832
2802
867
2553
2557
926
2575
2836
2811
261
2833
862
2549
2852
2549
2850
2815
2583
2834
2815
2812
2851
2814
2854
2800
2556
2813
2834
2813
863
866
2581
924
2552
2534
2554
2833
2802
2581
260
2811
144
2586
851
2854
2555
866
2832
2556
2811
2832
2581
2586
2552
2855
2581
2833
864
918
2574
2833
2833
259
285
2834
863
2552
865
861
919
2855
2555
2833
2550
2549
2585
927
867
261
928
2586
2549
2556
866
2577
2553
2574
2833
2855
865
2814
2833
2802
2811
2852
918
2556
2582
2815
2534
865
2832
2535
2535
852
2548
2853
2536
2853
2835
2812
918
2548
2835
2551
2852
864
918
260
2581
2833
918
2551
918
2554
2813
2833
852
2835
2550
2853
2535
2580
2576
851
926
2833
2853
2854
2558
2551
2800
2534
864
2834
2815
927
2583
2557
2555
2556
2854
2554
2816
2855
2852
2551
867
2550
2553
2546
866
2575
2584
2553
2581
2811
2815
2832
2834
2811
2811
925
2855
2584
862
866
867
2814
926
2557
865
2577
2583
918
2547
2813
2577
2576
2851
2584
863
2536
2835
285
867
851
2854
2556
144
2581
924
260
2801
865
2553
917
868
2575
2586
867
2802
2576
259
260
2554
259
2554
862
2812
2579
2535
2833
2581
2835
2836
2576
864
2556
918
862
2556
2536
2558
2535
864
2583
865
925
2799
866
2801
866
865
2536
862
2577
2534
2555
2546
286
2581
2834
851
2851
2557
918
2802
2556
862
862
918
2552
2852
864
852
2547
2815
2815
2834
2854
286
2582
286
925
2834
2814
2576
927
2553
2835
2815
862
862
2575
2577
2535
2575
2814
917
260
145
2812
2852
2582
2802
850
2585
852
917
923
2811
2535
2851
2855
2577
2551
2815
862
2583
927
2802
285
927
2832
2574
2548
866
261
2850
2812
2854
2799
2812
2587
2815
2576
862
925
2853
865
2553
145
852
2579
2557
2800
851
2550
2814
2812
852
2834
2801
2534
286
2549
2854
926
2575
865
2550
925
862
2585
2534
2855
2850
868
925
2579
2810
2834
851
2833
2557
144
2585
2853
2546
2834
2800
867
2813
852
863
2575
865
285
2800
2851
927
2852
924
866
2812
926
2812
2551
862
863
2585
2555
2551
2833
2548
260
2810
2556
2576
2576
917
2799
2852
865
2800
2555
866
2575
2811
2555
2927
852
2707
862
2962
2979
144
2980
2708
925
2925
925
2960
2980
2960
868
927
866
2671
285
2679
2979
2674
2671
865
2661
925
2709
2701
2957
2709
2706
2676
260
111
2960
863
2941
863
2938
2977
926
2681
2677
2682
2977
2703
851
2682
866
2960
2711
2661
2976
866
2962
864
868
2711
2928
2980
2708
260
2928
2941
145
2682
285
2683
918
925
2676
2707
2977
2977
2671
2682
2662
2682
2707
2680
851
2678
2980
2674
2942
2671
2938
2707
2683
927
2977
2662
2925
144
2708
2681
864
2678
865
2959
2702
2938
2660
2679
2709
2712
862
2678
851
2938
2662
2679
2939
918
2938
2710
2976
2702
865
260
2661
2712
850
2671
2978
923
2937
866
2682
2675
2711
2960
2926
2976
2981
2703
2926
867
924
925
2941
2702
867
2977
918
2709
2939
2675
2937
852
2982
260
260
2937
2682
2710
2682
2981
2706
2683
2977
2926
2674
2701
2937
285
2682
850
2977
2959
866
145
2678
2940
2674
927
918
2708
2982
2979
285
2663
2661
2981
2682
2711
2928
2703
2929
917
862
2674
2683
2703
2674
2663
862
2678
2704
2981
2663
260
2962
2929
851
2942
285
2679
863
2661
2675
2928
927
868
2978
850
2977
2942
2960
2707
851
2682
852
2977
2701
863
2683
852
2960
2981
2961
2709
2941
2959
2928
925
2961
2679
2928
2959
260
2939
285
2939
2981
2983
2703
2712
868
2943
2711
2712
2981
2982
864
927
2685
2676
145
2982
2673
924
2712
926
868
2673
2978
2712
2712
850
2702
2681
2673
2962
2962
111
2683
850
2962
2709
864
918
2708
2978
2704
2703
925
260
2981
866
286
868
2980
2710
2713
2703
2959
2661
2960
2680
2684
2683
2685
2983
919
2959
862
2707
2676
2927
2674
2977
2676
2713
866
2960
260
926
2979
2982
864
2707
868
918
2938
2685
2712
2927
927
2714
2710
144
868
144
2679
2980
2960
2677
2706
2938
863
864
2929
259
918
2673
2940
2928
2979
2979
918
2926
2682
2707
868
865
2960
2682
2939
2676
2680
2961
285
2928
864
2977
851
2682
926
285
862
862
2960
851
2663
2711
2981
2682
2940
866
2711
865
2962
2981
2980
2961
145
868
2710
2710
2703
2661
2941
2942
2678
2709
2714
259
2682
865
2706
925
2937
2672
285
2708
868
2662
864
2707
2709
867
2683
862
2708
2678
2675
2679
2712
863
2926
2929
864
2927
2682
2959
2678
2708
2672
862
2713
2942
2709
2678
259
2960
111
145
2940
2673
850
2928
261
866
145
926
2977
2983
2713
2942
2926
2940
2713
2939
2983
862
144
926
851
2712
2961
260
144
2673
866
2927
866
2678
2938
927
850
926
2704
2981
2712
2681
2663
2959
926
144
851
850
864
2940
286
2927
851
2958
2927
2683
2704
2939
852
2711
2684
2926
2960
2927
2960
260
2980
926
868
2926
918
2661
917
2674
3093
144
2825
3089
926
926
852
866
866
2775
918
2820
111
2791
2788
865
2775
3090
927
2815
145
2784
867
144
3093
3054
863
285
2787
2791
2792
144
2792
144
2793
2791
3071
2774
3041
864
866
3054
2774
3054
864
260
2819
3090
3052
3092
850
2794
3051
2822
918
2820
865
862
3075
852
927
3092
2821
3092
851
2825
3091
3073
3073
3088
867
2793
2787
2788
3051
925
864
285
866
2816
2795
2820
2785
863
3073
2796
2791
2820
2819
2793
864
3053
925
868
2785
2794
144
3052
2821
926
285
2819
2785
3091
2785
3041
2790
2796
868
3074
2820
863
3091
3072
2785
3074
2773
2791
867
2794
868
3072
3071
2785
2825
3071
863
2821
926
2790
3073
2785
2816
3072
2795
2775
2773
2815
3052
3093
2819
2825
3052
2787
145
2785
2785
3092
2773
3039
3039
864
3094
3054
3074
2820
3052
2788
2814
864
852
2820
3072
3072
923
3038
3054
866
2775
2796
3040
2791
926
3039
3054
864
867
2814
917
865
863
285
2821
260
868
2822
2813
927
2775
864
3075
3093
2785
2791
3041
3071
867
3092
3041
868
867
2788
3093
927
3089
2788
2792
2822
3094
2774
925
286
925
3039
3054
2793
3050
864
3092
2822
863
2775
2791
867
3039
3050
917
3072
2794
863
3090
2784
2819
286
2790
286
2785
2816
2794
2792
2794
923
3051
2774
3049
3050
867
3053
3051
144
864
3039
975
2819
3039
2787
3050
2786
261
2815
111
2823
259
3072
3090
963
1030
3072
3040
3074
1038
2775
2788
144
980
978
1036
2797
3041
3040
2826
2775
2826
2792
3040
3050
3052
2825
3041
963
1038
144
3072
963
2774
2796
2814
2793
980
2773
977
3072
979
2785
2814
2825
2796
3050
978
979
3089
259
2794
2786
2816
2793
3054
974
3040
2791
3054
2819
2793
2794
1039
3051
976
3073
145
2823
977
2819
1035
2792
3049
2773
3092
2824
2814
3094
1030
974
2823
2822
2824
976
1039
2815
2814
2787
2825
3050
977
3041
3040
3055
2785
1038
3092
974
2822
3094
260
2816
1030
3072
2787
2797
3038
2790
977
2820
145
2773
1037
3052
2825
3053
3071
975
2819
980
2787
977
2821
3041
3090
3093
980
2786
3041
2815
2820
977
1037
2794
3050
2820
2815
1036
3071
260
2824
3093
144
1039
3074
3095
3093
3041
3092
286
3039
259
2819
2819
3072
979
1029
260
3089
2825
3072
2786
976
2775
2775
975
3054
1039
2774
3040
2823
259
2819
2788
259
2788
2820
980
2820
260
1030
260
2825
2814
3039
2788
2773
3092
2793
979
2825
1030
2816
962
2789
2784
2824
2789
963
1036
2774
3092
2819
2793
2822
144
2774
975
1039
964
3073
3040
3050
1039
3040
1037
3055
962
2784
2823
3051
3040
285
977
2814
2794
963
3040
2820
964
111
3050
2818
2795
2825
2823
2784
3073
963
2791
2824
974
3090
145
3089
3090
2787
1036
3053
2819
975
975
978
1038
2927
1029
144
3194
259
2936
2932
2956
2958
2915
3183
2931
964
2962
3231
2928
285
2916
979
975
3181
1029
962
3235
260
1037
2955
2964
2962
261
2956
2961
1037
2927
261
979
3193
3233
285
964
2934
2956
2965
2967
962
2967
2936
3193
2938
3236
2934
3192
1037
2965
2958
2937
2937
964
2958
1037
2938
259
2933
975
2965
2928
2937
2933
2961
3215
2935
2938
2963
964
2967
2964
1030
260
286
962
2916
2967
974
3236
3191
3213
3234
3232
3191
3194
964
3183
286
2933
976
2967
259
3216
2961
260
3183
3193
2963
3236
3196
2926
2930
2963
1038
3213
2964
2962
285
3214
3217
1037
3232
976
2958
2916
3233
981
3234
980
980
963
285
2957
2966
1039
3216
2964
3231
3235
2967
3235
2933
964
3193
975
2965
963
3191
3181
3192
3235
3180
3215
2930
2931
259
2927
3196
2956
3216
3232
1036
977
3196
2961
2967
3195
2930
980
974
2960
3235
2966
2957
2966
3182
1038
2958
980
2965
3235
2917
3183
2933
1038
2965
111
3215
977
1038
2933
3233
3195
962
2962
2957
3181
2962
3232
963
3214
2916
2966
3236
964
3213
2956
2968
2915
2930
2966
2927
2916
2936
3235
2957
2917
3213
2916
1037
3231
2927
2917
285
3194
2935
3236
2958
2934
978
2931
3213
3193
2963
3234
260
2963
2960
3195
2961
2917
285
2931
2967
3235
285
2938
3235
2915
145
3236
2961
978
976
976
1037
3193
1030
3233
2963
2935
2917
2956
2933
1036
2961
3235
964
977
3234
2962
2931
2931
2934
1035
2964
3215
2916
1040
2964
260
260
2963
3181
3217
259
3236
3232
3212
2962
962
2934
3230
3236
2968
2934
2967
2963
3181
2917
2956
974
2930
1030
1030
980
2964
980
3233
2933
3194
3236
3216
260
2935
2917
3192
975
1037
2968
976
2929
2917
2915
2915
3183
964
2964
974
2965
2931
962
963
3192
2965
975
3216
964
2963
980
2915
2958
974
2927
2957
3232
2931
3215
964
2931
2963
3193
2964
260
963
3193
964
3181
3182
259
2961
2933
2929
2962
2927
3213
3180
2930
3213
2964
3192
2938
2938
980
963
1030
2916
975
3181
2926
3233
144
2957
261
975
3193
260
978
2926
2928
3232
974
2961
977
2930
979
976
2958
2935
260
2965
3181
976
3192
2926
3194
2931
285
977
976
1035
2915
1035
3236
963
1038
2938
2929
2964
3194
1038
2965
2964
975
3232
2932
975
3213
1039
3193
2957
2965
3233
2917
3183
3194
2963
2930
978
2928
3214
1038
2915
2939
3233
2931
3180
2915
3232
3236
2917
980
2916
978
3216
2934
1036
1030
1030
973
3234
261
3232
111
2936
963
3215
1039
3193
978
963
2958
2929
2964
259
980
2932
2928
2967
3231
2927
2917
260
2961
260
2956
3182
1036
3194
2926
2938
3216
2957
977
2967
3234
2963
3233
2934
1035
2938
3215
974
974
2965
3329
3101
3102
3349
3365
3061
3327
3051
963
976
261
3067
286
3050
3072
964
144
3049
3314
3069
3316
3368
980
3348
3347
3071
1038
3098
3098
975
976
3091
962
974
3091
3369
963
3066
3066
286
3071
1037
3071
3314
3072
259
3330
3091
3369
3064
1029
3091
974
3368
1037
3325
3100
1037
1036
1037
3051
3095
3095
964
3370
980
3049
978
3099
111
3366
3064
3100
977
3329
3102
962
3369
3326
3061
974
3327
3050
3092
3071
980
3317
3349
3095
3061
3351
978
974
1039
3366
974
3100
3366
3065
3068
3071
3061
1038
1039
979
3101
3326
3316
3349
3350
3050
3315
3070
3067
3067
1038
3063
977
978
3368
3368
3071
1035
3050
1030
1037
1037
3099
1035
3316
3348
111
1037
1037
261
977
3328
3065
3092
3368
144
3065
3367
259
3348
3370
3070
261
962
145
3100
963
964
1036
1030
3050
1039
1037
286
3316
3060
3349
3065
1029
962
3369
3349
3061
1037
3071
3061
3365
3367
3070
3065
3098
3067
1036
3349
260
3090
3091
978
3365
3331
285
3061
1035
3330
3069
3316
3367
963
3314
286
3072
3063
980
3095
3348
3365
3351
260
3099
963
3101
3092
3069
3315
144
980
1039
3061
3314
3370
1035
980
3091
978
3316
3063
978
3097
974
3050
3051
977
3095
3327
3369
3366
3365
975
1036
976
3315
145
976
3329
980
3326
144
3329
979
3349
3347
975
3069
260
3330
3069
286
3070
1038
3091
3325
3098
3365
1037
3327
285
285
1039
3061
3315
1038
260
3325
3069
976
3317
3367
3329
3050
3069
1038
1030
3092
3098
3064
3067
3069
1030
3068
3063
3368
1030
1039
3350
3350
3094
3049
979
260
3369
3072
3368
980
3070
3071
3347
144
3347
963
980
3097
3069
1029
3070
1039
3366
3350
3094
3069
3070
3098
259
260
3069
3071
286
3089
3367
3326
260
3069
285
3315
3063
3331
3066
260
3071
1038
3060
3065
3090
3330
3367
974
3091
3071
286
3096
3328
3350
3367
3328
3072
3067
962
3067
980
3326
980
3070
3070
3370
3366
3315
3063
1038
144
3068
3351
3327
1039
3370
963
3315
3329
3051
975
3367
3330
3347
3365
3068
3347
3367
3331
3064
978
3348
259
979
3098
3369
3347
3096
145
964
3367
3351
3049
3070
145
3369
3349
3066
3350
979
3329
3064
3328
3069
3068
976
3050
3368
3348
3368
3328
3348
964
1035
964
3367
1035
3090
3328
979
3073
974
3073
1035
3090
3089
3099
3351
1030
1039
3102
975
3330
3327
3063
3066
1037
3095
3092
3330
145
3066
144
3370
3331
1036
3095
3329
3371
3366
3069
3050
3326
259
1037
3098
3049
3064
980
3315
3096
3366
3326
3327
3101
3367
3099
963
3330
3069
3367
3063
3070
1029
3064
3097
1040
3065
3050
3366
3368
3365
3096
3316
1037
963
3366
3072
3097
3065
259
3067
3097
1037
3099
3367
3072
974
976
3096
3101
1038
976
977
3061
3370
976
980
3328
3325
3347
3060
1030
973
3091
3067
976
3061
3315
3315
3208
3182
3427
3477
3459
3427
977
3204
1030
3477
3204
3181
980
3212
1037
3442
3162
3214
3181
3173
3201
980
3438
3459
145
1039
3478
1038
3438
3427
260
978
1037
3210
3477
962
3208
963
3207
978
3439
3482
3178
1030
3161
3210
3207
144
979
1039
3203
3202
3174
979
980
3479
1039
3479
962
3183
3477
3480
3442
3173
1038
977
1030
975
3439
963
3462
3438
3208
978
3459
976
964
3178
1037
3212
3179
3460
3427
3479
3213
3178
1036
144
3442
3183
1038
3202
3480
111
978
3483
962
3184
3428
3211
3481
3179
962
3181
3177
3204
1153
3172
3207
3481
260
3177
3179
3458
3184
3441
3173
3427
3441
1103
3440
3209
1161
3460
3211
1160
1159
3178
3479
3180
3163
3428
260
3210
3173
3183
3162
3428
3162
1100
3163
3209
144
3210
3178
1103
3180
1161
3172
3177
1098
3439
3210
3184
3211
3437
3427
1158
3478
3183
3175
3462
3459
1100
3477
3182
3461
3181
285
3479
260
3478
3478
3481
111
3437
3462
3203
3461
3179
1160
286
3207
260
3176
3202
261
285
3181
3481
3204
1101
3182
1097
3460
1102
3442
1153
144
1086
3437
3480
3207
3178
3429
3203
3482
3429
3214
3212
3163
286
3178
1159
3183
3427
3211
1086
3175
3208
3480
3182
3461
3207
3426
1085
1160
3426
3212
3161
3211
1101
3478
3442
3202
1101
3439
285
3480
3211
1159
1159
1097
3208
3443
3462
3477
3208
3212
3439
260
3207
3477
3209
3184
1158
3462
260
3460
3207
3209
3202
3482
3478
3184
3477
1158
3211
3428
3458
3479
1087
3439
3477
3213
3437
260
3482
3211
3438
3461
3212
3462
3482
3180
3178
3459
3162
3212
3181
1101
3438
1158
1161
3207
3180
1098
3213
1152
3480
3173
3440
1100
3180
3479
3176
3204
1160
3479
1101
3181
3439
1098
3173
1098
285
3182
1098
3213
3184
3183
3212
3204
1102
3161
3462
3163
3441
1087
3180
3163
3211
3460
1102
3162
3482
3462
3478
261
259
3440
3481
3213
3441
3210
1085
3180
3442
3176
1099
1153
1099
3213
3429
3437
3459
260
3477
1100
3178
3479
3177
3478
3209
3442
3459
3478
1152
3161
3479
3163
3458
3202
1100
1087
1159
3461
3203
3211
1097
3211
3477
3210
3177
3177
3481
3173
3213
3480
3437
3182
3210
3477
3162
1158
1097
1085
1099
3181
3212
3462
1153
3482
3175
1153
1086
145
3179
3477
3178
3204
1097
3481
3478
3213
3440
1099
259
3207
3173
3427
1098
3481
3203
3173
3179
260
3183
1159
1087
3480
3459
3179
3204
285
3462
3460
3175
3202
3202
3212
1160
3438
3443
3202
3184
3460
3479
3182
1153
1153
3161
1161
1153
3427
3182
3439
3178
260
1161
3482
3181
3459
1158
1103
260
3427
3462
3162
3461
3214
1101
1100
3161
3202
1162
3461
3426
3208
3477
3177
3208
3204
1102
1101
3479
1153
3440
1101
3181
3479
3304
3338
3609
1159
1100
3606
3309
3565
3307
1097
3608
285
1152
3565
3337
3606
3302
1158
3564
3328
3553
3339
3555
3298
3307
1102
285
3337
1099
1160
3310
1087
3301
3607
3336
3607
3289
1158
3336
3564
3309
3588
3309
260
1101
3301
286
3309
3555
3299
3568
1099
3586
1098
3585
261
3567
3329
1161
3609
3329
1086
3330
3585
285
3588
3608
1100
259
1162
3607
260
1158
3308
1100
3335
3310
3604
3563
3327
3299
3336
3329
3335
1162
3565
3304
3307
1161
3607
1153
3333
3607
3554
3303
3605
1087
1159
3586
3289
3306
1153
1100
3301
3564
3302
3304
3567
1101
3569
261
3299
3608
3567
111
3564
3589
144
3337
3309
3308
3607
3568
3603
1152
3608
1153
1153
3302
3305
3588
3552
3555
3605
3334
3310
3305
1162
3565
3609
260
3587
3555
1153
3607
1163
3303
3586
3608
1099
3302
3604
3304
3329
3287
3563
3337
3603
3606
3604
3608
1159
1087
3589
3333
3565
3298
3607
3564
3564
3328
3334
3288
3564
1160
3604
1161
3587
3289
3553
1097
3587
3604
1159
3328
3568
3329
3306
3302
3337
3289
1152
286
3608
3339
3328
1099
3567
3310
3335
3555
1086
3332
3565
3287
3339
3333
3303
3309
3553
260
3302
3586
3554
3306
3588
285
3339
1159
3608
3302
3336
3586
3299
3333
144
3587
3608
260
1158
1154
3310
3329
3335
3337
3298
3310
3304
3310
3306
3302
3565
1101
3555
3337
3608
1102
3304
1099
3334
3554
1102
1098
1153
3307
3337
1160
3301
1161
3605
285
3605
260
1101
3328
1087
3553
1152
1098
3606
3333
3567
260
3305
1154
145
1161
3563
3310
3553
144
1161
3567
1099
1160
3552
3306
261
1152
3586
1086
3567
1098
3302
3553
1085
3603
3608
285
3308
3334
1102
1099
3563
3329
3587
3567
3585
3567
285
3605
1102
285
1102
1159
3335
3304
3329
3302
3567
3337
1160
3588
259
3298
3330
3288
3329
3308
3329
3339
3568
3564
3606
3328
3563
1160
3605
3328
1158
3303
3339
3336
3552
3309
1087
1103
3329
3330
3552
3327
1101
1161
3603
1153
3327
3587
3554
3554
3553
3553
3568
1099
1097
1099
3566
1097
1101
3587
3329
1153
3333
1103
3554
3309
3336
3301
1097
1086
3338
1099
3304
1086
260
1098
3586
3310
1098
1100
111
1160
3335
1158
3306
3287
3306
3552
3333
3338
3585
3334
3568
