590
588
1502
664
1502
1475
554
1499
255
622
625
126
592
1556
591
556
557
1454
666
1556
1533
1526
1505
593
1525
560
1532
556
1466
592
664
1556
1452
592
1531
1526
1466
1469
1557
1506
624
160
1503
556
1469
160
1455
1502
558
558
621
1555
1502
257
1505
649
593
666
594
1458
125
125
1507
1474
589
256
1456
125
1470
1530
593
621
1455
665
591
256
1507
1503
1532
1452
161
1473
1474
1530
664
1456
1508
160
592
557
1501
256
1457
161
1526
650
590
1500
247
255
1457
247
1476
1455
1475
558
1453
1504
1525
1556
1456
255
1503
557
591
1533
665
664
624
588
255
1469
1555
1525
559
592
665
1451
560
592
1474
1469
1503
557
623
665
1457
624
1507
1476
1457
1525
556
1457
1555
1468
1525
664
1502
1466
1456
1556
1501
1456
1469
666
1471
1458
594
560
1457
585
1477
1467
1526
1507
1472
591
1470
664
592
588
592
1457
1473
1477
1467
1505
593
593
1502
1500
1503
1454
1473
1532
591
1505
1453
559
1508
1531
246
1533
1527
557
1534
1476
1457
160
1477
1466
1504
247
1500
594
585
586
1534
1534
1506
555
1499
624
1500
160
1473
1473
161
622
1467
1525
1471
161
1466
1557
1529
588
585
256
557
1467
1526
1469
625
1452
1505
1525
1500
650
621
592
557
666
664
256
592
623
1504
649
1534
1475
1475
1474
556
556
1501
1500
255
622
1529
593
1457
1476
1554
620
559
1531
160
590
665
1504
556
1474
1502
1467
650
1505
257
1534
1470
1471
160
1474
593
1556
665
1467
592
1501
554
1471
1502
591
1504
1505
557
1458
1467
160
1468
126
592
1500
1468
1504
1556
1506
588
621
1506
1473
593
619
1467
591
592
1499
1533
624
555
1474
1529
650
246
247
594
1455
257
1453
1467
1457
621
1470
665
1452
620
1500
1499
1454
1455
557
558
1555
1534
1531
1476
1475
1508
586
1525
1499
1475
1469
1530
591
1473
1531
625
161
1508
591
625
1532
1534
1530
593
1472
593
664
1531
1555
255
1526
1468
1507
559
1555
556
1534
588
1525
1455
1507
1456
590
1504
557
1556
1502
622
126
1466
559
556
1454
1506
1506
1499
256
560
1455
1526
1456
593
1472
256
257
592
618
665
1452
1504
555
650
1532
592
556
1529
1555
649
1500
559
665
1508
160
1458
1500
1468
620
588
1457
1470
1500
126
624
1530
1467
555
1472
1468
1454
621
161
1458
592
1503
1501
1469
1476
555
1474
1473
1502
1508
1469
1466
1555
255
1505
557
557
256
1502
666
1534
620
160
557
1471
1556
557
1499
1468
1470
1556
1475
666
594
1555
1474
1468
588
555
1477
555
1452
1475
159
624
1530
586
556
585
1525
590
1508
1529
1554
555
1458
1534
1452
1456
589
1502
1466
1554
1453
1506
623
1470
1557
1501
1533
256
559
624
1508
1468
555
621
665
1470
1473
665
1469
1477
1507
1556
623
1499
1508
1499
554
1529
1555
1554
1525
1470
1529
560
666
1535
649
1473
620
246
1532
559
1475
665
557
1467
666
1531
1506
624
624
666
255
665
1526
1501
594
160
1499
623
1465
555
623
1501
1453
624
1499
1452
590
650
556
652
594
1530
590
587
1456
1508
556
587
1556
1501
160
1474
624
1466
667
1455
622
1468
1532
1530
1534
1466
650
1504
558
1468
1469
1555
1458
1469
1467
1534
1473
593
592
255
1657
651
560
1600
557
256
1660
256
559
620
592
1580
665
1602
1582
1602
1601
651
1598
1651
1630
622
586
665
665
1681
586
1604
623
1601
1660
1682
1632
1601
592
1631
621
1659
161
1657
1628
587
256
1628
1598
667
1660
1580
1629
1655
592
1658
1628
626
246
560
1683
592
1633
1656
257
1600
556
1602
1597
1630
625
1651
1680
650
626
126
1660
256
1604
257
1602
558
1680
1599
560
1632
1681
1599
592
652
1598
1652
1634
651
1580
1661
1602
1601
1597
625
1600
1593
1627
1652
557
666
1683
1630
1600
624
667
555
257
255
560
1680
1631
257
623
1634
1592
557
590
593
257
1601
1655
1598
1591
246
1655
255
558
1582
1597
1580
255
559
1630
1597
1632
1594
1652
1601
1634
561
126
666
1596
625
1595
593
560
560
559
557
1584
556
1599
1631
1599
556
1627
593
1633
1582
1593
1651
1580
1579
1660
561
1634
666
1661
126
624
1681
556
257
592
160
1653
1684
1601
1633
1629
1599
1583
1654
1583
1599
126
1594
620
594
592
126
1581
591
1603
1635
1634
622
558
1580
1682
1593
625
1652
561
255
1596
256
1602
667
1658
255
1661
665
1580
559
257
1600
1627
667
1652
1597
560
1593
557
624
1599
1596
1582
622
561
557
559
624
1684
1598
255
1635
257
589
621
1659
1659
594
1599
652
624
1582
1659
1628
254
1581
1631
257
1581
590
666
586
1627
1653
1596
1632
1629
1634
1630
665
1597
1683
650
592
1633
1629
1593
1683
590
1628
591
1599
161
1592
589
1653
621
1583
1602
1626
592
1604
1662
1630
1658
586
626
1630
160
557
1582
1630
665
1631
1598
1652
595
1630
1594
625
1626
1659
1626
1584
623
590
624
1631
159
1652
1604
126
256
1601
1598
1633
624
161
1580
161
1602
1627
651
1598
559
593
1633
1632
665
1635
1632
1579
625
1604
667
625
592
1582
1585
1652
1629
622
592
1594
160
246
161
1635
255
666
556
558
1631
589
256
621
1632
622
561
557
1597
1583
1594
1580
1653
1631
591
624
1628
623
1583
1634
623
594
1682
557
1601
1631
1634
589
1631
1626
556
592
1599
791
1593
1626
255
1681
1595
776
718
719
1682
682
256
750
1627
126
681
751
1604
683
1656
246
1629
1653
686
1652
1661
719
1579
747
792
1652
255
1602
1582
1626
1630
1604
1633
1683
1633
1629
160
1595
749
125
1597
1682
1579
1635
246
257
751
792
1597
749
717
1629
686
1600
683
1632
1603
1582
791
1634
1681
720
1593
683
682
1582
683
1629
791
685
1630
750
751
1594
1653
777
1584
1662
749
749
748
1631
1601
683
719
721
1597
1602
1635
160
684
1582
1683
1593
791
1626
750
1662
686
749
1652
1582
681
1600
1630
1657
1595
748
1600
1661
1628
1580
1585
1604
257
256
1657
1627
683
718
1582
1592
716
684
1627
793
715
718
1683
1603
682
1601
1583
720
1600
715
1629
1580
1660
1596
1660
1583
1579
749
1654
1596
718
1629
1604
126
687
686
1683
751
1656
748
776
1627
777
1603
1683
1658
1595
256
1659
1628
256
1632
255
747
1594
1656
1580
1598
791
1598
682
1593
683
685
1626
160
1603
1602
791
1635
1661
793
749
1601
750
713
160
1634
1683
1579
1580
160
748
1630
1601
1657
793
793
686
160
720
1582
752
751
1581
1597
1600
1593
776
1583
126
1632
1595
1594
1633
683
717
777
713
1633
686
1682
687
246
747
1652
1763
682
1742
684
684
1694
1743
246
126
1711
1772
1693
256
749
1714
1771
1794
1769
1694
715
256
716
684
748
246
1738
1741
720
1792
683
682
792
749
246
1693
1695
776
1739
1712
1739
1739
1764
1764
687
1695
1739
1794
1764
752
1710
793
256
793
752
125
793
717
1706
1706
791
160
719
1742
750
1742
715
716
792
685
683
256
717
125
793
687
1714
746
1742
1705
719
1705
746
1794
1739
718
160
1710
776
721
1744
1709
256
1743
1763
684
1706
776
1691
1715
1737
1769
160
1706
256
1772
1770
1740
1705
1704
1745
751
1771
1742
125
247
1767
256
749
1739
1745
748
1694
1695
1713
681
1740
1764
1745
1738
1695
1745
776
1746
246
1764
256
776
1705
1772
1708
1695
750
256
1746
777
1792
1764
1696
1694
1745
747
793
1706
1765
1715
1744
1770
256
746
1704
776
776
160
1694
1745
717
720
777
713
720
682
1710
246
721
683
256
1794
1792
1708
1705
1706
752
1707
1739
126
686
1709
1710
1706
1741
718
1746
748
1773
684
1715
126
1693
1715
1714
1771
1696
1745
793
256
751
1763
792
712
1714
747
257
684
1746
161
721
1690
1693
1714
682
1740
1705
687
1743
1710
1696
749
1744
793
776
1765
161
719
792
777
683
1764
722
1708
1763
792
751
748
750
160
1694
793
746
256
256
160
777
749
722
1739
1767
1692
683
792
685
1691
1691
1741
794
1690
753
719
1690
684
684
1772
1713
1706
1793
1739
751
792
161
793
1768
1706
1793
1763
1763
685
1710
1711
794
1695
1741
749
794
1709
750
256
1793
1769
1692
722
1712
793
1795
722
1771
1693
1745
793
719
683
753
684
1705
1746
1696
1744
1710
793
792
778
1691
1707
1694
1739
721
1739
718
1742
1694
1694
1772
1705
1795
1746
1742
1744
1713
753
1708
1739
1691
1747
751
246
1773
1796
1707
1742
1745
1745
716
750
1694
1714
1710
1706
792
716
1716
723
687
794
1696
686
1795
687
161
750
792
1708
748
794
752
716
160
721
684
685
687
686
1770
1696
1764
685
1738
1696
1711
1693
1795
1705
794
722
778
1746
1712
1745
683
688
1772
778
1710
1705
1692
686
792
687
160
1794
1708
1745
687
1741
721
779
1765
1744
717
748
749
1709
685
1709
1716
1774
751
1738
1746
256
713
1771
1774
1794
160
1738
749
1711
1794
1711
1709
749
246
1741
685
1746
1710
256
1711
1705
1705
1696
722
748
1715
1691
1709
1705
1696
1746
1773
746
1764
722
1742
683
793
1716
684
793
753
777
687
1715
721
1743
751
687
1706
1772
1772
255
1771
1739
1712
750
1742
685
687
719
793
721
794
1704
749
1773
717
1706
793
1712
1794
1742
256
748
1741
1693
718
1713
1744
747
1747
684
793
1742
752
1796
1772
686
793
1710
688
721
721
752
1745
1712
720
1743
713
1714
752
685
683
1744
683
1708
717
684
1774
686
792
1690
1697
1714
751
687
749
748
1716
686
1743
1765
1708
686
1768
713
1794
778
1706
1738
1742
255
1739
1694
794
1713
1712
753
1744
1713
1695
683
722
1694
1713
722
1744
1712
749
1796
683
1716
749
1692
686
1794
751
721
1739
718
1708
720
791
1744
1692
1771
1706
1705
1741
793
1692
794
1794
791
1769
752
1706
1772
1707
793
714
1693
1740
793
686
1704
794
1707
1694
1714
1741
1740
1738
161
686
722
1766
778
125
1793
1746
1693
722
1739
722
1694
748
777
1709
685
1694
1764
1693
1765
750
1764
1794
1707
721
1706
720
1747
1712
688
1873
753
1897
1867
1900
1892
255
1832
1818
751
1895
1866
793
1840
721
256
1824
793
1841
1841
722
160
719
247
1838
858
794
126
862
832
890
1840
833
829
1839
795
860
255
1922
860
889
256
828
827
859
833
1870
256
796
1833
903
1835
1900
1839
799
1839
1843
861
1832
793
1870
1892
1841
1821
1897
797
1866
1843
794
1898
1839
255
1838
246
1899
256
1823
797
1838
862
1872
1898
1836
903
1833
1838
1870
256
1897
830
1820
863
1900
829
1869
904
795
795
1820
1839
1839
799
1822
889
889
1839
828
1870
1838
1821
1897
1867
126
1820
256
1891
904
1921
799
796
799
1897
831
1832
1838
126
1839
1824
1922
1823
864
1874
255
1844
862
1921
1920
1819
799
858
1865
798
888
830
904
1838
864
797
1891
1819
1899
860
1897
828
859
830
1839
831
1824
831
1833
904
862
1834
1871
1870
1869
1896
1922
246
1898
1896
1841
161
794
1867
160
831
1870
904
799
1824
1832
1871
1823
160
831
859
828
830
256
1866
1920
857
795
1838
903
1835
1843
1837
888
1840
1818
1823
795
1900
860
1891
126
1872
1823
794
798
1871
160
904
1839
794
246
1839
257
1843
1842
797
1844
1834
1843
863
1842
903
1839
1841
889
797
833
831
1870
1843
1843
830
905
1821
256
1822
863
859
1898
1922
161
832
1820
1843
257
1920
255
796
861
1842
1840
889
862
257
1900
1899
889
831
1922
861
833
255
1821
1840
888
863
1870
1895
1871
1922
246
860
1842
1840
1870
1869
860
1834
1868
1871
832
1868
1839
1900
257
863
1899
1872
161
796
1920
1867
1898
860
903
1840
860
1896
798
1841
1836
1841
833
1822
1835
1832
1821
1869
828
861
799
1823
859
256
1921
903
905
1832
863
825
863
161
827
1867
798
1832
1834
1839
1865
1871
830
864
1836
794
246
1823
888
255
1833
1834
1824
1896
1921
862
831
1921
862
794
1895
828
161
828
255
160
1898
1841
160
1840
1840
831
1865
862
1824
1822
795
794
1868
1835
1901
1922
1834
831
1839
1838
161
1922
1868
796
1833
1865
798
861
257
160
1896
161
1874
861
1821
1836
1872
1832
1874
1840
1895
903
1870
1841
1900
1820
889
888
1892
1839
888
1822
1870
1838
1820
1842
830
1870
828
799
1892
1896
1834
1842
859
1839
1896
794
889
795
1866
833
255
828
1869
903
1820
1841
905
831
247
797
861
1821
1866
1841
904
1899
833
860
1821
1821
1839
255
1835
1821
903
1819
831
861
255
1841
1898
860
794
256
1821
1874
1922
1897
860
1874
1824
1899
1841
1819
1891
1899
1823
1842
1841
1820
1869
1897
1843
257
827
794
796
1922
255
888
247
903
1838
1839
1833
795
1870
1923
1899
1922
1820
830
828
1871
861
1833
257
1836
1899
1874
1835
1843
1865
797
1819
1871
861
1892
1868
1871
798
1920
825
1843
796
1869
1900
1895
1820
1920
904
160
864
1823
1896
889
798
1843
796
1842
1866
794
1898
247
1872
1834
1872
1868
1837
1874
859
798
256
1837
796
1866
1921
862
888
1865
161
1821
1899
1896
832
257
832
1840
799
1821
1893
256
1870
1831
256
827
1873
1841
859
1833
827
1833
1834
255
863
255
797
160
246
255
1822
905
1838
832
1841
1921
1824
1836
1821
255
1891
1837
1872
861
862
1872
1868
1874
794
1900
1900
862
1820
859
125
1896
1822
1820
1836
1838
1866
1833
825
861
857
1922
1897
905
256
796
1949
1970
2018
246
832
257
798
833
2019
255
832
864
827
255
256
1998
904
255
1963
160
1966
1970
1951
905
799
1993
1964
1963
1969
2049
161
1948
1950
1965
794
797
859
799
799
1998
257
2000
2022
2019
1960
1970
1994
255
257
1962
797
830
255
1999
1997
859
1947
246
1997
160
2049
1997
889
1993
2022
2000
829
1949
798
2049
2026
2025
1992
1963
797
2027
1960
1997
1993
2018
2049
834
795
2026
889
1998
795
833
797
890
246
1945
257
1962
2028
890
257
1963
1963
1949
2001
2027
1963
832
2020
1967
1947
1992
256
2018
1965
800
829
864
863
2047
828
2050
831
890
1993
1961
1945
246
1998
255
1945
826
864
1960
833
1996
800
864
1950
246
1966
2048
863
906
2000
2023
255
1960
861
799
797
904
833
864
1997
1970
890
1962
1963
1947
2048
905
829
795
1970
2000
1960
1948
861
833
1993
2000
795
1963
1967
1966
1964
126
863
795
1998
1948
160
862
1993
798
797
904
1970
1961
1946
1963
1993
1999
826
1964
1950
829
126
1966
2001
1969
1969
1965
2024
1965
891
904
834
2048
1994
2049
889
829
889
889
905
832
860
1965
2027
1965
161
2022
1998
161
863
864
1960
2000
832
859
2023
2019
161
906
1948
795
2022
829
1959
1950
1958
1961
1945
1951
890
246
859
860
906
1958
865
905
2049
795
832
862
1970
1997
1966
1997
834
904
800
1965
865
2019
2047
1963
2048
863
1962
1962
828
1995
1959
865
1951
859
1965
1992
1969
2000
831
1963
2018
862
1969
905
890
863
890
256
2018
1959
1993
2001
1994
833
1971
1949
255
889
2020
1960
833
161
2050
2027
890
2018
1961
796
1967
865
1996
160
1963
1960
1999
1999
860
1996
1992
1961
1967
1999
1969
255
1967
2048
834
860
256
1959
255
1948
2048
1961
905
834
799
1946
1947
1967
1948
1967
256
255
1960
860
2024
1969
1967
833
2027
2001
2018
2024
2048
864
2048
2000
246
2048
1948
831
826
2027
1992
2018
828
2019
1969
255
255
246
1996
1996
160
2001
795
2050
2024
1992
905
1946
2025
1996
1999
828
833
2027
890
1968
1998
1994
125
800
1947
905
1961
890
862
1949
835
1999
1967
826
799
1965
1959
890
834
2050
1968
256
2049
2027
1961
991
2025
986
958
960
1945
1018
961
1997
923
1994
2026
1962
924
1017
987
2018
922
1947
1017
2023
952
1017
989
1033
953
1964
2001
1033
960
959
126
990
1998
925
991
1962
988
988
1962
255
957
1967
125
1947
2048
125
1967
1992
1962
991
1964
924
2020
923
1963
1032
960
1949
2028
1031
1967
922
2027
1962
255
2048
1992
1969
1960
1032
1998
988
2001
1994
986
1031
923
2019
2022
923
1031
925
1962
925
1016
1992
1995
988
2026
922
1970
2019
1965
955
2020
1998
2001
2025
2050
1961
958
958
921
246
1970
1998
958
1993
923
923
160
1960
957
1032
1993
161
923
1996
2001
1965
1995
1962
925
1033
1999
1970
2048
2000
2049
988
1031
1951
256
1998
1997
1964
2025
1946
960
1959
991
246
1969
1965
992
956
1967
2047
1965
1997
1970
1962
1992
961
1959
2049
1964
1959
1995
1949
1995
925
1945
2026
2000
958
255
2020
1963
2049
1997
925
255
989
922
1995
1969
961
1996
956
2047
161
2049
1951
1962
956
923
2048
952
160
1968
923
1994
1950
2048
925
991
1998
2027
1960
988
1970
925
1994
925
2113
2138
957
2059
2080
2058
990
2105
959
160
257
2106
925
2108
2060
957
2162
2107
255
953
2139
2079
2159
2109
992
957
2106
923
961
2072
2080
2075
958
255
126
1032
2131
255
2073
2137
2082
987
2113
1017
1017
161
987
2073
2136
2138
2160
2082
922
1017
2062
2130
2071
2131
2075
246
255
2112
160
988
2135
2080
2110
957
2077
160
2077
256
160
992
923
2110
925
991
2111
986
2075
922
1018
2131
987
988
2106
2104
1016
924
1017
2131
2111
2136
2077
988
2137
2139
2110
160
2112
960
955
2107
2063
2135
2076
926
255
922
2105
2057
2061
2107
2057
2105
2078
1032
922
2131
2139
255
2082
924
2161
2137
959
990
2057
2106
1032
2062
2074
256
1032
1032
2071
988
990
2081
2079
2160
1032
1017
2063
959
2139
1016
2061
921
2062
991
2080
2112
2081
1016
2159
1032
2060
989
2073
246
2063
2058
987
2075
2079
2112
988
2108
1017
2059
2072
2111
1032
2080
961
2071
2131
256
2105
958
2074
2072
2109
2074
2138
925
2111
961
256
2075
2059
2108
2137
2059
2111
1017
160
2082
161
1017
924
2061
2130
2057
991
927
2160
256
2111
2079
2111
2071
2074
2076
1031
256
2137
2072
953
923
924
956
2058
2061
2161
1032
2078
1033
2074
2136
2139
2074
2111
924
958
986
2161
2111
126
1032
922
2078
958
2075
2136
924
2108
922
2109
956
1033
926
2108
2081
926
956
2073
991
956
960
2135
160
923
926
2130
2072
256
927
2075
926
2161
2134
2109
958
921
2076
1032
126
256
2139
160
953
922
2160
2062
257
925
2160
2076
2135
1017
2074
1032
126
927
2113
2057
1031
991
958
2060
2134
1031
991
2136
2110
927
2106
922
2105
2135
923
992
257
2079
959
2062
246
2057
2107
922
991
2077
2112
2080
255
923
2059
2162
2134
2058
959
2110
960
160
990
2132
2076
2082
2132
2062
2060
2063
1031
2107
2078
959
988
988
921
2082
2135
2071
2136
990
925
2105
1017
2113
2059
160
925
2109
2074
2075
126
1032
1031
2159
959
2136
2059
2136
126
2160
1031
2075
962
2077
2105
2113
2104
2109
2159
2074
2135
161
2075
160
990
2138
960
2108
955
1017
2112
2077
2161
2112
2111
2159
257
960
246
2107
2061
987
924
2131
1032
2079
160
2057
2077
2109
987
2059
2138
2074
924
955
1032
2057
985
959
2058
989
925
255
2139
2140
2113
256
987
927
2076
1016
957
990
2077
2057
925
960
1017
2160
2076
2112
957
990
986
2109
2135
962
959
2139
2160
1033
2081
246
2063
926
2074
925
2160
2076
2077
2130
2135
2106
926
2108
2161
2078
959
1032
160
2111
246
2062
257
956
2134
2082
255
2159
991
256
987
2112
2074
960
1031
923
2081
989
991
2106
2062
2160
2074
985
2077
988
2079
2134
2137
2112
987
1017
2071
160
2159
2134
2058
2111
952
2062
2076
1032
959
2076
2059
2059
2072
989
2111
2060
161
125
2109
2061
2073
2136
2063
1017
2080
2105
2060
2072
1033
927
1033
2063
924
2058
2111
2136
1033
2138
2112
1031
2135
2059
1017
1031
2108
2058
991
161
2138
988
2112
2135
2131
2135
960
2108
2079
2138
1033
2112
2110
2131
991
2080
2109
925
2110
990
2079
256
2138
2076
2137
926
2130
2160
2160
989
2080
2134
955
952
161
923
2131
991
2112
987
2113
2059
1033
2080
246
2160
2111
2139
1017
2076
989
2075
2078
2072
2130
2075
2062
1032
2238
2266
2234
2197
1017
2287
2267
2200
2266
991
2240
2239
2258
126
2234
926
923
925
246
161
2208
1032
953
2232
957
2198
986
2202
161
1033
1016
2190
957
2258
246
2188
126
1032
989
960
2263
2190
2236
2237
2197
2186
2188
2185
2210
1031
958
2238
2235
2259
1033
2288
959
990
2231
2202
2205
992
256
2263
2205
2189
2239
1031
957
956
961
2236
991
957
955
2209
960
2237
926
2263
2236
2237
1032
2231
2238
2233
2258
2204
2207
2235
959
2184
2238
2233
2238
1031
1033
247
2232
2207
959
2205
989
2259
2237
2201
952
2210
2205
2201
987
2199
255
2286
2188
2235
923
2187
2188
926
2234
2235
2264
2198
2184
2190
2203
255
1031
2189
2236
923
2208
2184
956
2231
987
924
985
246
2232
2234
257
962
1033
2202
2240
2264
925
987
957
992
958
2238
2203
961
2235
2190
1088
1052
2205
1080
255
1086
2288
2231
2289
1049
1053
2261
255
1049
1117
2232
2200
2203
1087
2236
257
2257
2261
1144
2186
1086
2201
2203
2238
1159
2207
126
1050
126
2234
160
1080
1117
2257
1052
2257
2206
1088
2231
2190
246
2206
2200
125
2239
2190
1158
161
2207
2200
2233
1053
1159
256
2205
1051
256
2257
2188
1144
1144
1082
2207
2287
2266
2202
160
2264
1086
160
1086
1087
1158
2266
2208
160
1087
1160
2262
257
2288
2233
2258
2234
2262
2287
2287
1144
2237
2204
256
2185
2286
2262
2202
2190
1115
2257
126
160
1115
1051
2264
1049
2288
2188
2287
1085
1143
2263
160
2235
1116
2188
1052
1158
1050
2287
1087
125
2206
160
1087
2200
2258
2202
161
2235
2199
1051
1051
2265
2261
2262
246
2263
1080
1158
256
1118
2202
2288
1158
2208
1158
1158
1049
2202
2264
160
1053
2200
246
2286
1158
1085
2198
1050
1145
2262
1053
2203
2266
161
2234
2289
2187
2197
1117
2257
1052
2190
2264
1050
1087
1051
246
2236
2186
2206
1083
1053
255
1143
2266
2288
2189
1084
2239
1087
2234
2233
2238
2208
2209
1116
257
1143
161
256
2239
1115
1051
255
1086
2238
2233
1114
1087
1048
2287
1114
2259
2288
2234
2234
1083
2237
1118
1053
246
2288
2207
1050
2200
1087
1087
2288
1119
1053
2264
2233
246
1080
1048
2232
2233
2258
1143
1086
2201
2208
1144
1113
2231
2240
2239
2287
2236
2199
2201
1143
2264
2232
1119
1050
2236
2205
2203
2287
1115
2231
1051
2232
2188
2204
2231
2267
255
2257
257
2184
126
2238
1086
2209
160
2262
1119
2187
2237
1117
2235
2187
2237
256
2234
1085
1088
1160
2234
1116
2257
1048
1118
1116
1116
2263
1159
2203
2287
2238
2206
1084
2208
1052
1087
160
1143
1144
1051
2200
1114
1054
2232
2263
1087
1053
2231
2263
1049
1050
1083
1050
2199
2238
2202
125
2267
257
2287
2185
1113
2261
2200
1052
125
1050
2204
1089
1052
126
1088
1052
2185
2235
2201
161
2235
2204
2209
2198
2202
2203
2186
1086
2209
2204
1054
256
2206
2288
1079
2231
126
1079
2234
1113
2236
1052
2186
1118
2235
1052
2261
256
2190
2240
1084
2258
2234
2186
126
1115
2206
2202
2233
1159
2209
2262
1083
1088
2235
2265
2203
2261
2188
2235
1053
1088
1051
1054
2239
1143
1053
2240
2207
1050
256
257
1050
126
2239
2287
2188
2198
2207
2286
1049
247
2237
2189
2200
2201
2287
2187
1158
2288
255
1052
257
2204
2261
2205
2257
161
160
1080
2237
1086
2237
1160
1118
126
2288
1088
1088
1145
2232
2235
2200
1158
2238
2288
2205
256
2201
2239
2258
1115
2209
2208
2186
2263
2206
2289
2238
2262
1118
1144
126
160
160
2188
2202
1118
2259
2264
2389
2367
2366
2325
2330
2361
2391
2327
255
1087
2312
1088
2364
2390
1158
2334
2392
2335
2327
1158
1160
2358
2314
1116
161
2360
1117
2336
1050
2328
2363
255
1158
1160
2335
2315
2314
1080
2358
1083
1115
2328
2393
1158
2366
1053
1118
1118
1086
2361
2366
2360
2311
2391
2311
2366
2334
1051
1086
1144
1049
2325
2392
2327
1054
2316
161
1050
2392
2388
2392
1088
1053
2335
2333
1087
160
1118
2362
1085
1159
2317
2327
1143
2365
2335
1050
2325
2359
2416
1115
2316
125
2362
255
1052
1158
2413
1088
2364
2330
1117
161
126
2327
1050
2415
1119
256
2327
2392
1143
1088
2365
1079
2336
1082
160
2326
2363
1088
2312
1088
2390
1115
1084
256
2361
2332
1119
2358
2367
2334
2316
1052
1085
1086
2363
1051
2335
161
1144
257
1054
256
255
2334
2325
1113
2389
1160
1083
2316
1079
2330
1050
1158
2392
1052
2315
2327
2365
2317
1115
2361
255
1115
1049
2315
1088
2363
2336
2414
2394
1084
2317
1079
2362
2358
1052
255
2389
1118
1053
247
1159
1159
126
256
2315
2331
1116
2313
1085
1117
2331
2393
2393
2359
255
1082
1082
1116
2334
1050
1116
2393
1053
257
257
2330
2315
2362
2360
1116
2391
2336
2366
2366
247
2364
2391
1053
2333
2315
1049
256
1051
2332
2329
2360
2317
1086
2327
2415
1083
1158
1083
2315
1053
2364
1083
160
2364
2327
2334
1082
2385
2334
2335
2330
2327
1053
2386
2316
1117
1085
1143
2334
2359
1083
2324
2361
2326
2360
2390
1117
1159
1087
2327
255
1143
2359
2414
247
160
1083
2361
2337
2389
126
2313
2393
2367
2366
2361
2328
2328
2389
1143
2416
2394
1159
1050
1086
2359
2313
1117
2333
1118
2326
2335
2414
2365
2325
2385
2360
2414
2364
1052
1118
2314
2359
1089
1118
2366
1117
1052
2384
2385
255
2385
2362
2336
255
1117
2361
2414
2314
257
2392
2362
2315
2360
256
2362
1117
1145
1118
2317
1053
257
2360
1052
2313
1081
1115
2363
2390
2333
1050
2389
2316
2390
1117
2358
2329
2313
2389
2336
1161
2359
2391
160
2334
2384
1117
1116
2392
2336
2325
2384
2361
1049
126
1087
1160
2328
2358
2333
2367
2316
1118
2312
2312
2313
2336
2391
1159
257
2392
2364
2327
2362
2366
2386
2391
2413
2362
1118
1084
2362
1160
2312
2393
2362
2330
1144
2390
1085
160
1080
2335
1052
2384
1050
2365
1159
2362
1119
2334
2391
2332
2332
2330
2367
1161
2336
1087
2335
1144
2328
2328
2358
2330
2364
1089
2327
2313
1052
2313
2325
2386
2366
1116
1085
1087
2331
2315
1081
1052
1144
1050
2331
257
2389
2392
1114
2364
256
2414
1088
2391
2335
2359
2325
1085
2315
1117
2394
2314
2317
2389
2391
2326
1054
1117
2384
161
2386
2333
255
125
2326
2332
2335
2391
2364
2390
2335
2327
1053
1160
2385
2414
1116
1118
2329
2330
1161
161
2314
2332
2328
1086
2329
1145
2334
2331
2366
2317
2364
2326
2325
1089
1120
2330
1160
256
126
1116
2393
1159
2325
2388
1144
2332
2317
1118
2393
2358
2317
2414
2362
2331
2332
1144
2331
1159
2386
2331
2336
1158
2331
2385
1114
2330
1053
1085
1117
1113
2316
2362
247
2384
2328
2329
2325
1154
2314
1265
1263
1156
1156
1248
1192
1189
2330
2336
1193
2358
2362
2314
2330
2330
2364
2313
2360
2415
1157
2325
1218
1190
2336
1192
2313
