404
230
331
224
249
226
277
372
170
229
227
253
296
230
250
253
298
328
330
225
275
372
249
257
224
109
299
111
275
216
225
372
300
400
248
273
327
168
227
172
298
274
328
371
215
213
233
249
373
278
400
297
229
405
170
330
327
374
257
402
258
297
172
273
215
331
373
296
273
223
169
172
222
227
300
371
223
404
273
169
373
225
297
299
253
253
402
248
273
401
171
403
230
373
252
253
402
301
168
110
254
227
276
279
273
299
226
250
168
328
227
215
275
170
273
278
229
374
299
231
234
329
278
298
233
231
255
332
401
327
227
373
213
299
231
256
276
172
255
215
399
277
233
326
222
301
402
258
249
403
170
371
233
330
216
222
229
110
224
235
327
400
299
297
257
327
330
234
169
213
299
401
232
404
374
252
332
401
401
215
371
257
273
234
229
373
232
257
228
234
327
250
254
172
253
275
254
258
110
401
256
225
170
253
169
403
301
172
227
170
227
373
227
331
255
169
299
278
214
371
169
171
254
327
401
297
327
224
226
233
374
330
403
332
399
299
405
330
253
111
278
228
274
223
399
374
275
272
253
215
230
223
372
273
230
372
402
328
255
256
405
299
301
372
374
250
257
258
229
274
401
300
406
224
225
404
229
332
274
224
215
171
258
275
403
332
401
251
110
257
172
234
275
236
274
259
302
251
277
249
279
234
372
299
258
275
332
279
254
404
374
170
373
230
227
275
226
301
257
227
251
279
301
169
402
250
232
280
253
327
373
373
233
230
170
111
233
256
277
330
257
275
230
329
404
227
297
400
274
171
215
255
332
227
256
226
333
279
223
222
403
276
275
302
327
223
249
374
333
300
407
223
170
252
403
215
332
170
332
274
251
300
110
230
329
168
279
374
226
170
229
228
332
110
253
222
229
171
223
256
225
298
228
328
405
230
357
382
384
532
424
348
529
525
380
456
356
532
455
384
401
381
424
359
527
356
527
528
356
427
456
398
172
423
170
426
425
453
352
527
214
453
422
110
403
421
358
526
360
382
453
422
498
383
215
404
169
423
348
168
216
404
355
530
454
168
457
376
378
354
405
453
170
382
500
529
423
404
498
350
378
527
497
383
170
453
215
399
458
454
422
384
351
171
378
169
532
171
374
399
109
453
528
383
427
358
381
353
110
169
347
214
402
352
526
457
455
401
383
403
360
354
530
499
423
214
360
427
356
357
458
454
456
356
400
359
172
401
453
171
376
378
402
401
530
497
528
354
531
454
171
424
215
215
357
457
399
405
382
375
378
427
354
400
403
348
380
458
527
348
399
531
399
422
452
453
216
216
456
529
350
403
348
357
499
427
110
526
453
352
384
422
402
170
404
528
500
356
400
527
529
172
172
424
355
498
404
427
400
214
359
215
215
458
499
425
421
360
455
110
455
381
356
531
169
355
425
170
171
172
379
422
403
526
379
529
455
350
498
170
531
351
402
351
214
360
384
526
215
376
352
380
403
532
401
426
530
213
402
454
426
528
499
403
527
216
383
530
529
351
427
455
453
499
348
458
171
427
349
399
215
172
500
359
379
214
499
529
172
531
381
359
348
457
170
381
527
532
172
379
358
353
405
455
376
356
348
527
425
425
498
171
348
169
382
349
215
374
497
349
426
381
423
360
500
526
349
171
171
380
527
349
382
500
528
170
529
402
356
375
529
356
500
375
455
527
359
424
530
355
382
171
376
381
423
500
423
348
355
454
357
425
402
423
349
532
452
172
457
499
423
379
169
425
215
401
350
348
379
374
350
403
350
453
532
382
500
214
458
402
457
216
531
348
500
454
349
457
357
376
405
530
531
499
360
382
357
378
355
348
359
350
456
452
532
528
466
492
567
493
459
465
487
514
486
462
539
494
213
495
612
493
472
468
639
570
566
215
534
170
488
641
467
610
567
487
468
459
213
170
511
538
495
516
566
171
169
609
610
486
111
539
569
516
493
568
170
639
493
171
566
513
564
470
216
612
110
215
111
494
493
567
638
472
564
642
171
466
643
512
168
467
110
610
514
643
569
536
462
611
513
537
464
465
171
471
491
515
170
472
612
471
567
511
511
638
517
534
536
566
489
611
472
493
515
491
489
535
172
468
610
216
465
494
570
539
637
642
491
534
488
566
565
514
539
169
486
514
643
213
473
465
494
462
472
168
472
514
469
170
111
216
170
468
643
462
511
565
464
494
643
171
514
637
568
511
493
491
538
473
470
464
460
534
171
472
643
461
639
488
569
517
468
612
513
467
492
566
638
472
516
533
513
641
639
565
517
494
640
488
512
214
514
639
171
513
511
171
214
472
466
570
171
534
539
643
536
463
110
644
463
469
535
466
493
495
565
468
467
215
171
610
492
611
215
463
463
461
642
494
111
566
643
570
487
538
511
466
640
461
471
639
609
487
638
461
570
638
465
494
640
513
565
492
611
611
570
486
512
567
465
537
611
513
467
566
640
466
463
564
515
467
495
642
491
463
638
460
568
564
516
639
570
640
641
169
535
464
488
569
568
517
471
467
492
487
169
464
467
610
494
496
535
466
511
466
538
566
638
537
492
494
467
515
539
462
567
534
537
517
469
169
111
565
487
510
565
493
612
491
569
171
469
172
110
565
488
537
639
640
639
512
640
496
170
513
569
459
171
567
490
473
513
487
537
487
109
537
487
172
459
565
514
492
570
511
642
637
487
111
637
536
461
638
643
533
214
496
641
566
469
472
511
215
487
538
493
472
567
641
565
470
637
169
568
565
534
512
695
693
172
588
215
767
109
770
643
638
664
664
639
169
663
763
768
737
692
691
661
172
109
588
215
736
696
737
661
638
619
590
215
598
693
737
737
695
737
590
638
169
691
695
638
661
595
766
586
621
214
621
169
767
641
769
736
170
664
663
695
614
595
215
766
621
692
660
693
109
764
662
767
586
216
694
766
764
594
691
612
766
613
595
168
664
737
170
172
612
665
599
595
594
767
589
172
643
696
215
737
594
613
171
660
171
598
213
693
735
769
592
641
763
641
586
111
619
637
617
737
765
768
587
694
614
618
585
593
586
692
763
690
695
586
640
586
766
616
692
643
588
169
766
738
763
592
586
764
661
765
613
595
588
693
593
639
694
618
614
588
637
172
765
692
737
618
639
637
769
597
692
735
621
693
691
692
587
763
109
696
617
171
172
768
663
639
171
696
596
620
766
767
694
765
593
696
664
660
621
591
660
109
694
690
639
637
691
768
214
615
693
691
599
664
109
643
621
639
593
613
216
690
695
695
172
736
618
665
593
594
766
590
638
590
660
595
213
664
587
767
590
736
215
763
767
769
696
215
615
643
585
769
637
621
764
643
599
617
764
766
765
641
590
588
638
767
663
613
213
770
590
641
764
618
618
617
768
168
213
616
642
639
172
765
592
638
593
109
695
691
613
590
595
640
614
661
737
663
642
642
660
769
169
591
585
769
638
637
215
695
770
597
695
764
664
638
622
617
662
590
662
622
637
110
168
172
589
639
768
637
769
690
592
617
637
591
662
589
694
590
737
738
110
621
638
597
641
599
737
613
661
767
763
736
690
738
592
690
589
694
737
764
594
215
664
768
660
592
664
592
620
665
695
216
593
599
215
612
767
620
170
642
664
638
640
737
764
109
662
617
639
768
737
736
691
613
216
690
736
593
587
717
889
786
718
895
718
862
712
766
713
172
712
765
719
717
862
743
747
716
819
172
110
172
894
763
171
722
713
765
819
724
714
725
896
816
863
788
891
170
215
716
723
822
215
791
864
820
890
789
216
791
862
169
169
739
746
817
818
889
790
748
715
745
894
738
791
110
718
714
820
767
110
172
822
720
767
821
790
764
892
819
742
892
790
746
821
890
747
822
896
786
740
862
170
215
722
715
816
213
819
722
889
820
740
745
725
863
765
821
747
817
816
714
719
789
215
818
745
739
739
722
864
718
764
892
890
713
214
214
216
739
816
769
767
786
818
769
746
890
724
766
721
171
170
721
819
890
766
716
718
766
724
864
213
720
766
790
895
722
169
740
818
712
744
821
169
742
718
895
764
740
170
863
787
747
712
171
863
216
893
896
715
747
764
713
743
713
714
738
746
819
738
718
889
739
172
746
820
816
763
170
896
748
890
110
821
819
721
862
718
722
790
714
111
765
895
889
790
725
724
890
716
821
109
720
713
864
817
214
743
864
786
213
717
171
215
891
764
723
748
820
765
715
724
170
742
767
714
712
817
892
787
816
891
739
215
789
723
721
894
765
716
725
723
862
742
110
817
715
171
111
763
764
743
763
744
893
763
891
746
717
786
820
816
863
215
109
714
720
765
816
724
891
892
110
723
821
745
769
743
110
712
822
216
746
714
763
892
791
723
721
216
864
817
895
110
819
747
740
895
216
723
215
818
819
890
820
712
744
861
718
819
820
789
110
747
789
862
786
172
722
822
172
111
723
743
723
786
740
171
723
215
740
744
713
712
715
718
746
765
861
742
172
744
712
789
763
791
714
215
172
862
894
169
216
215
893
791
215
721
767
213
893
215
111
171
790
890
763
168
891
818
172
862
718
720
790
720
764
891
215
717
892
820
725
790
863
740
819
743
723
817
716
739
739
762
764
716
715
851
852
832
831
826
171
880
933
171
172
216
975
852
975
930
825
215
898
898
976
829
933
215
852
878
879
858
831
931
934
1008
111
1007
853
1001
929
856
1007
829
931
169
829
837
110
832
932
168
833
171
876
855
975
836
900
898
903
1008
975
934
1004
932
857
109
973
1002
1006
171
172
172
827
931
851
828
1005
975
900
829
876
976
109
836
857
829
976
974
860
928
933
835
830
974
859
973
1002
857
1005
877
836
850
830
168
929
880
110
826
824
1001
903
974
1003
857
932
824
974
824
899
824
898
215
973
928
934
857
829
1003
826
856
833
827
933
823
857
931
850
857
975
855
832
829
1007
855
851
929
880
902
976
833
835
932
929
851
928
1006
929
900
826
880
828
975
830
1007
827
974
932
171
111
875
934
835
935
973
170
1004
928
899
1005
1005
828
833
169
1003
850
172
215
830
932
171
932
932
878
878
898
881
1004
850
931
876
829
850
877
932
1007
215
169
1007
898
878
829
934
855
828
857
829
857
1004
833
170
976
878
901
831
1007
829
898
1008
832
836
876
216
881
832
1005
830
1006
851
931
851
855
903
837
833
827
899
829
1004
901
975
833
836
172
931
851
859
928
856
851
824
836
852
877
825
857
1008
829
1005
900
899
902
901
1004
879
216
856
214
1008
878
902
900
215
878
903
898
831
837
855
975
933
855
833
216
856
932
902
1007
828
827
930
168
934
931
877
900
836
858
830
110
830
851
833
875
900
858
856
852
832
829
111
170
877
929
977
855
1005
1008
213
903
876
933
1002
879
903
901
830
856
170
899
855
170
826
974
170
974
854
826
928
110
827
930
214
171
828
899
859
928
976
109
903
169
880
851
857
828
1006
898
170
1005
856
830
854
1003
825
975
931
976
933
833
977
1006
928
929
1002
836
1002
111
931
934
850
171
931
974
857
930
901
857
827
172
172
856
879
875
983
1002
169
1004
1006
1101
1131
982
985
1102
168
1026
961
978
171
956
952
950
985
954
1060
1056
1007
963
171
962
1056
953
1054
1058
171
951
1056
1130
1006
1004
952
1128
1028
1058
1060
955
1027
172
170
984
170
1130
959
1026
984
953
1060
1026
1029
986
952
110
1134
110
980
981
961
1131
1005
1026
1058
952
956
1058
1132
1027
1132
1006
1130
985
952
1058
215
1057
962
1102
172
168
957
1004
1026
983
1007
1002
952
958
1055
981
950
1004
1059
949
111
953
983
985
1003
985
961
1006
169
1099
1001
957
1127
960
986
1004
1102
958
1024
985
1057
981
1056
958
950
216
1029
1024
109
983
1057
981
955
954
1101
950
983
1129
954
1027
215
986
1100
1133
954
1130
1001
1132
1133
215
171
1055
1130
1003
1056
1056
985
1099
214
985
1027
1134
1133
1030
985
1008
1055
1059
963
1027
1056
1132
215
171
172
982
1130
215
956
960
215
985
1061
1030
957
987
168
1132
215
1059
1027
956
982
1060
1007
1132
1133
169
1003
984
1026
109
954
1025
170
172
956
1029
171
1002
1026
977
170
1025
1101
963
1030
1061
1060
954
961
1003
1005
1133
109
1056
952
1100
963
1103
1008
977
1004
1055
957
956
1061
109
1003
1003
1130
953
958
1060
1101
1027
215
171
1059
110
1007
1102
110
986
983
962
170
215
978
168
1133
979
958
1132
960
1026
170
1003
1056
956
979
986
1061
954
1058
170
1059
1004
1026
172
1128
214
171
1029
964
1005
1061
1058
958
957
1060
986
977
1134
1132
1061
979
1101
168
1058
964
960
170
1058
1128
983
963
1133
959
963
1101
978
979
171
956
978
1102
1129
986
953
171
979
951
215
954
955
963
1134
1027
985
957
109
1132
957
1130
171
950
1129
983
1027
1027
983
1102
216
1130
987
1028
1058
1007
983
1005
979
172
1060
216
1129
952
1133
1006
1133
1129
957
1130
986
1055
984
1006
1057
172
986
963
1003
956
1134
111
1001
977
1058
1059
1030
1130
985
960
951
1132
1028
1030
1129
1004
1003
982
953
1007
1057
958
958
172
964
979
1132
1060
1132
957
979
1002
1101
1007
172
169
953
964
1130
171
110
1230
1157
1183
1185
1156
1262
1256
1256
1082
1183
1085
1153
1227
1084
1106
1184
1110
1089
296
1110
1258
1106
1109
1088
1228
1109
1261
1079
296
1113
1112
1109
1259
1260
1106
298
1111
295
342
1087
341
1089
1185
1260
298
1187
1134
1088
1256
1082
1188
1081
1152
1086
1131
1155
1132
1091
1186
1230
1084
1088
1156
1085
1112
1134
1078
340
1157
1228
1079
1256
1082
1129
342
1134
1155
1080
1107
1106
297
1089
1257
1134
1090
1104
1229
1262
1132
1087
1188
1110
1134
298
1186
1155
111
1085
1090
1089
1079
1182
1256
1079
1183
1107
1227
1108
1081
298
1129
342
1077
1186
1086
1261
1155
1078
1080
1112
1258
1131
1155
1155
1260
1088
1129
1131
1111
1129
1104
297
297
1261
1155
1106
1183
1184
1110
1085
1132
1105
1090
1109
1083
1090
1184
1257
1135
1080
298
1184
297
1186
1079
1085
1185
1152
1156
1111
1154
1155
1256
1186
1257
1154
298
1087
1260
1132
1183
1113
299
1154
1131
1229
1153
1156
1085
1112
1129
1082
1262
1156
1186
1131
1110
340
1108
1155
1104
1187
1185
1087
1228
1112
1108
1128
1184
1186
1110
1259
1082
1259
298
342
1228
1184
1182
1131
1085
1112
1261
1082
1106
1259
1113
111
342
1260
1184
1228
1077
1078
1257
1228
1183
1182
1135
1079
1088
1080
1089
1089
1257
1257
1258
1109
342
1084
1153
1185
1152
1106
1188
1112
341
1114
296
1104
1156
110
1080
1110
1131
109
1110
1113
1154
299
298
1082
1086
1184
1105
1259
1258
1112
1079
1227
1090
1106
1187
1080
111
1261
1185
1260
1111
297
1257
297
1129
1130
1230
1104
1135
1086
1186
1088
1187
1082
1086
1091
299
1080
1110
1085
1189
1089
1228
1130
1155
1259
299
1156
1230
1261
342
1257
1107
111
1257
1080
1133
1083
1105
1183
1152
1152
1079
1083
1080
1156
1090
1229
1156
1153
1184
1106
1132
1156
109
1183
1132
297
1110
1086
1131
1256
1255
1130
1229
1133
1085
1152
1105
1089
1078
1184
1184
1112
1081
1155
1078
299
1258
1154
1188
1186
110
1186
1105
1084
1156
1230
1112
1090
1087
295
1109
1079
1230
1082
1110
1156
1230
1108
1156
1183
298
1090
1109
1112
1084
1108
1089
297
1110
1259
1082
1089
1077
1198
1202
297
1194
1296
1244
1195
299
298
1192
1373
297
1196
1295
1368
1266
1341
1196
1294
1224
1340
1196
299
1202
1295
295
1195
1241
1369
1224
1370
1299
1223
1264
1198
1341
1198
1266
1195
342
111
1265
297
1340
1296
299
1217
1202
1243
1201
1190
109
1246
1192
1342
297
1191
1299
109
1244
1341
1264
1202
1194
1300
1266
1247
1225
1341
1196
297
1369
1222
1218
1299
1372
1201
1240
1268
1294
1296
1195
1202
296
341
111
1298
297
1294
297
1222
1299
1191
1240
1297
1242
1265
343
298
1266
341
1223
1297
1190
1369
340
1190
1217
1225
1195
1243
1342
1203
1300
1242
1195
1197
1196
1241
1221
1369
1247
1298
1195
1220
1266
1243
1218
1269
342
1372
1217
1339
1296
1296
1244
1197
1192
1298
1268
1370
1195
342
1200
343
1343
1370
1204
297
1300
1265
1226
1268
1200
1342
1226
1243
1298
1191
110
1242
342
1370
1193
1200
1196
1223
1217
1370
1242
1266
1368
1244
1265
1192
1243
1243
1224
1245
1297
1223
1241
1203
1226
1224
1301
1195
1270
1198
1203
341
1296
1296
1192
1195
1224
1219
1199
1245
1198
1298
1225
1196
1296
1198
1265
1370
1245
1374
1242
1299
1219
1340
1198
1221
1197
1227
1197
1197
299
1190
1191
1197
110
1298
1372
295
341
1298
1243
1340
1299
1190
1298
1218
1267
1295
1372
1218
1368
1248
1218
1246
1369
1268
1204
1369
1244
1223
1217
1370
1203
1296
1196
299
1341
299
1265
1298
1244
341
1342
1301
1265
1191
1266
1218
1217
1266
1226
1217
1370
1219
1198
1341
1203
1195
1191
1300
1218
1244
1195
297
1246
1340
1268
1371
1267
1222
1192
341
1218
1343
1201
1297
1372
1374
1200
1343
1226
1300
1219
1270
1246
1373
1268
1199
1299
1194
1222
1199
1226
1267
1374
1246
1301
1191
1248
1243
342
1247
1371
1221
1224
1268
1298
298
1372
1297
1300
1194
299
1192
1200
111
1295
297
298
1226
1218
342
1299
1266
297
1266
1268
1371
1246
1373
1198
1342
1270
296
1218
1298
1370
1371
1191
298
1203
1270
1193
1191
342
1227
299
1190
1298
1267
1342
296
1372
1369
297
1203
297
1222
1247
1298
1300
297
1225
1222
1373
1373
1218
1203
1223
1198
1247
1265
1192
1372
1368
109
1194
1247
1370
1368
1197
1221
1196
1375
1467
1345
1321
1424
1422
1496
1392
1316
341
1370
1394
1391
299
1467
1496
1501
1391
340
1369
1326
1324
1369
1424
1426
1320
1348
1500
1372
297
1323
1427
1425
343
1394
1468
1394
1349
1393
1349
1325
342
1396
1499
1498
343
1497
1345
1325
1329
1423
1424
1394
298
1469
1499
297
1369
1495
1373
1467
1321
1351
1319
1371
1343
1320
1469
1498
1499
1396
1395
1497
1369
1318
1370
1395
341
1423
111
342
1425
1467
1317
1350
1468
1353
1353
1426
1343
1344
1319
1348
1328
1497
1390
1323
342
1351
1324
1498
1424
1349
342
1317
1426
1345
1396
1467
1372
1391
1325
1499
109
1424
1500
1498
1348
296
1467
1395
1345
1498
1468
1396
1425
297
341
1422
1322
1495
342
1326
1500
1396
1329
1351
1496
297
1392
1322
296
1499
1372
1392
1501
1495
1353
1393
1496
1428
1394
1325
1496
1353
1370
1346
1329
1370
1349
1468
1499
1350
1422
1327
1349
1323
1422
1499
1422
1318
296
111
1426
1325
1395
1322
1498
1392
1428
1394
298
1322
1392
1324
1324
342
1318
1328
1394
1423
1395
1468
1350
299
297
1325
1326
1468
1370
1321
1320
1424
1470
1344
298
340
1349
342
1326
1424
1392
1425
1469
1327
1425
1468
1423
1351
1422
1322
1424
1325
1470
1396
1395
1392
1500
1469
1326
1372
1423
342
111
1394
1351
1351
1426
298
1428
1426
1496
341
1326
1369
1354
1423
1498
1396
297
1470
1467
1321
1322
1320
1424
1327
1325
1392
1323
1344
1369
1351
1424
1323
1470
1331
1427
1372
1428
1353
1498
340
1423
1428
1331
1496
1394
1320
1392
1353
1425
297
111
1327
1394
1498
1368
1369
1426
1425
342
1325
111
1499
1395
1331
1323
1330
1322
1470
297
1350
1325
110
296
1369
1393
1467
1318
298
1322
1370
1326
342
298
1375
1351
1425
1329
1392
1351
1323
1345
1426
1344
297
1498
1469
1320
1374
1428
298
1426
1346
1499
1322
1373
1422
343
1425
297
299
1374
1468
1495
1501
1468
1374
1469
1395
1467
1427
1427
1371
1427
1499
1374
1320
1327
1372
1345
1370
299
1329
1426
1497
1497
1329
1498
1369
1330
1496
1322
1317
1422
1470
1468
1497
111
1350
1394
1351
1470
1350
1322
298
1323
1323
1498
1325
296
1350
1345
1352
1373
1498
340
1350
299
1501
296
1351
1327
297
1397
1423
1446
295
1525
1520
1453
1523
1596
1448
1598
1452
1625
1497
1624
299
1626
1551
1477
1456
1628
1524
1596
1477
1498
1457
1627
1523
1473
110
1456
1449
1500
1455
1625
1550
1551
342
1554
1456
1555
1479
1458
342
1597
1524
1448
1520
1630
1472
1482
1503
1501
1455
1448
1453
1477
1624
1455
1454
1524
1596
1625
1596
1450
1500
1473
1498
296
1478
1522
1449
1520
1550
1556
1447
1630
1449
1499
1448
342
1455
296
1520
1448
1473
340
1446
1523
1454
295
1453
1523
1520
1521
1449
1554
1448
1457
295
298
342
1522
1447
1596
1629
1624
1458
1477
1500
296
1598
1473
1552
1501
1501
1476
110
342
1523
109
1551
299
299
1501
1596
1522
1521
1454
1555
1596
1478
1626
1446
340
1478
1596
1523
1478
1520
296
1595
1524
1556
1554
1597
1473
1479
1627
297
1456
109
343
1447
1626
1451
1482
298
1454
1522
1476
1500
1459
1525
1500
1598
1630
1498
1450
1552
1455
1481
1499
1596
1480
1458
1552
1479
298
1498
111
1623
1481
297
1523
1501
1556
1451
1522
1476
1552
1459
1556
297
1499
1474
1555
1553
1499
1598
1554
1523
1624
1472
1454
1624
1624
341
1521
1630
1448
1480
1479
1482
1448
296
1551
1624
1626
1472
294
1629
1500
1480
1451
299
1626
1459
1627
1550
340
1473
1556
1473
1452
1453
1455
1626
1523
1499
1520
1551
1521
1520
1625
1478
1500
1522
1628
1452
295
110
1480
1499
1473
342
1502
1481
1629
297
1552
1449
1476
1626
1552
1521
1476
1445
1455
1551
1629
1449
1458
1628
297
1523
1598
1451
111
342
1626
1499
1479
1450
1449
342
1626
1455
1452
1449
1454
1523
1449
299
1457
1473
1501
1625
1473
1555
1550
1597
1476
1520
1521
1454
1624
1451
1555
1520
1477
1624
297
110
1472
1522
1552
296
297
298
1520
1524
1550
1451
1551
1453
1524
1457
110
1629
296
1472
1456
1474
1554
1457
1630
110
1596
1553
1480
1456
299
1450
1598
1556
1550
1629
1598
1480
1459
1624
1451
1479
1449
296
1499
1477
295
1501
1445
1482
1472
297
1453
1625
299
1629
1455
1624
1499
1480
1523
1520
1623
299
1476
1501
109
1629
1597
1474
295
1556
110
1628
343
340
1552
1597
299
342
1499
1459
298
342
1520
1455
1628
1456
1445
1478
1557
1598
1446
1456
297
1595
1556
296
1459
1498
1596
1478
1477
1497
1554
1568
1568
1562
1568
1739
1594
1592
1592
1565
1668
1569
1638
1742
1593
1635
297
1664
1588
1613
1712
1742
1664
1611
1595
1564
1667
1614
1740
1670
1669
1712
1567
1595
1665
1635
1587
298
1741
1744
1588
1667
1565
1573
1611
299
1571
1639
1561
1570
1565
1669
1634
1712
1565
1591
297
297
1738
1565
1568
1639
1591
1666
1595
1565
1742
110
1711
1740
1664
1594
1613
1561
1569
1591
1665
298
1568
1594
1669
1594
1638
1617
1738
1741
297
343
1710
1743
1569
1588
298
299
1570
298
1743
1639
1564
1710
297
1639
298
1617
298
1670
1743
1666
1595
1710
1586
297
1567
1560
1737
1670
1565
1568
1573
342
1740
1611
296
1636
296
1743
1744
1742
1567
1638
343
295
1611
1572
1593
299
1667
1590
1591
1595
1710
1742
1634
1635
1739
1573
1592
1666
1668
110
1596
1592
1566
1571
1563
1743
1594
1610
296
1595
1636
1744
1664
1564
1711
1570
1709
1593
1639
1569
1614
1667
1587
1638
1571
111
1563
1636
299
1634
1616
1737
1591
1636
1560
1594
1739
1614
1569
1612
1590
1596
1572
1559
1613
297
1572
1595
1638
1742
1617
298
1665
1568
1573
1634
1668
1566
1668
1571
298
1668
1590
1595
1564
1567
1670
1587
1635
1615
299
1670
109
1559
299
1592
297
340
1561
1667
1566
1712
1616
1615
1593
1738
1613
1738
1586
1639
342
1612
1612
1610
1568
1587
1594
1566
1738
1594
1712
1570
1566
1563
1591
1639
1636
1637
1667
1611
298
1712
1712
1565
1588
1560
1592
1612
1594
1588
1613
1738
1572
1573
1588
1560
1712
1742
1741
1737
1638
297
295
341
1639
1567
1712
1669
1595
1567
1591
1596
1560
341
342
1711
1613
1664
1587
1614
342
1588
1564
1614
1569
109
111
1563
1667
1560
1572
1560
1712
1711
1572
1666
1712
1616
295
1592
1613
1595
1594
1566
1595
1591
1665
297
1563
1637
1710
1571
1594
1560
1743
1742
1611
1563
1615
1639
299
1666
1638
1571
1741
1572
296
297
1710
1562
1637
1595
1741
1591
1595
1564
1739
1741
1596
1740
1711
1743
1562
1638
1712
1565
1573
1614
1568
1572
1616
1666
1567
1562
1670
1566
1564
1741
1563
1615
1586
1596
1614
1740
295
1588
340
1573
1592
1670
1670
1712
1669
341
1637
1740
295
1742
1668
109
1611
1615
1722
1773
1719
342
111
1775
1678
299
1700
1670
1667
1742
110
1744
1817
1718
1743
1698
1679
340
1699
1844
1720
1741
1851
1849
343
295
1818
109
1667
1850
1773
1674
1699
1679
1672
1743
1818
1745
1694
340
298
1694
1675
1703
1718
1746
1700
1745
1741
1698
1667
1679
1670
1676
1670
1742
1718
342
1694
340
1719
340
1680
298
1673
1699
1723
299
111
1671
1678
1675
1720
1670
1777
340
1718
1743
1678
1772
1777
296
1818
111
1693
298
1741
1717
1701
1741
1819
1772
1671
1721
1721
297
1678
1672
1845
1702
1849
1698
1773
1699
298
1743
1718
1719
1694
1694
1702
1746
1774
1718
1666
1667
1679
1776
1775
1723
298
1848
1817
1850
1775
1694
1745
1745
1695
