441
314
309
109
314
393
109
325
486
439
424
392
322
424
287
341
331
389
388
364
323
437
363
391
329
363
392
340
423
243
485
343
362
473
343
393
438
242
488
474
485
294
487
294
288
393
330
341
473
363
472
309
294
488
244
490
361
346
310
486
392
245
487
437
310
310
244
240
311
341
389
341
388
440
243
424
329
438
313
486
389
360
346
240
332
294
364
313
294
487
438
330
364
314
486
441
392
345
243
344
489
245
488
394
314
487
391
329
243
392
424
324
330
424
486
472
486
389
240
393
472
294
361
362
245
312
439
365
346
366
225
392
488
345
309
242
341
425
488
488
333
474
346
441
334
486
393
342
389
312
486
330
295
244
441
389
361
343
391
241
241
390
314
243
393
343
441
345
311
345
343
389
389
309
486
472
488
423
365
390
442
489
329
243
441
314
310
390
243
345
329
243
473
390
314
367
109
363
392
240
310
294
243
439
389
323
323
389
311
486
393
288
365
361
244
341
310
439
243
314
345
361
366
437
329
294
362
423
314
240
388
109
486
242
314
439
473
342
438
323
109
486
391
342
472
472
490
439
344
442
488
242
367
441
341
391
367
331
472
340
109
485
345
322
293
341
485
362
361
243
424
437
109
438
334
334
310
294
333
331
424
329
438
109
242
425
439
389
342
390
107
487
330
294
343
390
442
344
311
489
313
472
314
488
311
329
240
425
245
437
344
391
390
425
323
243
390
309
473
329
394
392
329
243
490
325
310
343
324
331
489
309
489
390
323
312
242
334
330
244
310
308
312
391
311
330
346
473
345
485
311
364
344
294
424
342
362
323
361
243
322
363
442
438
474
365
311
425
488
486
342
313
323
310
109
423
344
366
323
240
363
244
341
244
341
333
314
487
308
313
390
331
472
488
442
294
388
244
332
331
332
391
362
487
486
472
473
332
312
345
344
486
438
437
367
439
436
611
465
454
516
564
244
512
468
547
454
487
453
611
546
516
464
432
448
515
610
597
434
560
294
489
484
445
610
243
242
511
515
546
465
596
514
434
245
514
293
467
487
432
512
109
432
434
455
489
448
610
514
512
489
513
469
108
596
468
546
514
242
432
455
294
565
511
293
447
483
447
513
512
452
432
511
452
446
560
437
447
560
244
595
241
564
242
468
437
485
436
453
611
485
432
244
295
454
468
288
435
448
240
437
294
517
456
435
240
433
560
489
515
596
448
485
456
597
456
547
564
295
485
464
456
516
432
596
454
489
456
432
436
467
511
613
432
609
434
455
595
488
465
466
453
611
564
287
436
446
546
597
295
512
244
244
447
489
243
244
465
513
435
611
467
562
488
432
515
448
244
467
516
596
564
561
455
287
446
595
611
486
560
564
596
465
452
565
516
454
610
561
597
564
455
240
432
243
488
244
610
484
243
295
595
457
564
437
546
564
452
485
561
435
431
560
511
435
432
456
433
484
454
515
485
436
468
436
515
436
514
293
561
512
435
244
547
467
446
464
435
467
294
546
595
609
445
467
244
456
612
512
484
433
435
515
488
611
565
511
240
561
293
466
244
240
485
612
109
463
490
107
563
431
242
242
564
546
547
548
243
485
457
562
455
612
485
488
609
435
513
466
466
560
513
463
452
611
453
610
466
434
434
294
463
239
612
244
596
609
445
464
488
464
486
484
447
445
484
562
611
560
446
432
456
608
514
109
242
243
244
433
468
595
465
456
436
465
433
455
565
565
485
611
561
447
243
486
466
564
436
596
516
109
515
469
483
437
244
447
610
436
240
469
295
433
489
431
109
448
611
515
548
432
467
612
595
464
244
431
295
612
455
547
596
514
294
453
562
562
514
517
488
563
516
565
240
597
244
452
455
436
563
546
455
436
485
513
611
548
447
723
627
677
596
294
288
288
598
559
546
601
545
242
288
601
578
543
724
598
545
722
294
658
725
293
566
676
548
556
673
579
548
707
672
564
676
559
708
242
724
294
722
565
245
598
722
721
629
243
565
546
240
580
544
659
566
723
601
575
242
578
660
624
673
543
294
623
628
660
709
549
580
596
547
565
568
601
674
558
295
597
675
294
580
725
624
624
288
597
546
240
568
108
566
576
243
579
578
567
601
548
580
240
546
293
548
626
623
676
549
676
677
243
547
626
721
560
243
675
239
658
244
558
674
708
625
599
675
544
560
660
629
625
600
675
566
243
548
659
724
568
558
567
722
243
676
624
723
601
241
595
658
598
546
672
559
624
659
579
724
549
627
545
241
568
629
724
672
628
548
565
580
707
677
659
243
546
245
576
599
567
724
676
569
567
559
109
569
548
627
708
624
628
294
722
544
627
658
557
566
677
579
545
626
598
242
240
674
548
569
720
293
629
576
725
708
559
597
677
548
599
602
545
624
580
597
659
722
625
625
660
567
708
722
576
577
602
109
567
240
659
293
721
546
576
720
623
567
720
560
708
629
580
723
623
725
672
628
579
658
575
288
560
547
597
600
244
566
602
676
673
242
294
569
579
674
549
625
721
560
721
722
721
708
707
546
548
626
294
602
676
629
723
109
294
559
602
566
544
558
598
673
548
287
722
544
559
577
568
658
628
723
628
629
109
568
723
108
566
566
598
546
723
244
676
675
242
629
595
659
596
623
601
295
674
676
575
577
629
676
628
564
546
676
676
545
721
722
544
725
575
545
547
724
242
625
660
602
722
544
601
578
660
724
569
625
560
578
676
580
576
543
577
547
626
564
675
578
675
708
545
627
628
549
659
560
293
629
546
623
580
548
624
546
659
659
565
659
672
576
576
294
545
788
754
707
695
695
240
287
806
849
854
788
802
697
675
109
753
294
295
295
752
678
705
836
710
708
708
243
707
787
729
725
756
706
677
802
704
725
754
757
851
853
709
753
295
725
727
752
805
675
757
687
787
676
677
752
707
294
243
295
788
804
755
673
678
674
698
673
697
836
727
673
676
673
802
805
725
806
854
709
673
729
754
705
754
287
854
676
698
107
687
724
243
725
730
693
694
689
294
725
707
755
676
837
804
754
707
241
678
245
694
705
244
725
851
803
693
729
802
758
241
851
687
695
689
678
707
686
707
756
675
806
707
709
852
753
695
727
754
756
708
694
725
694
689
687
787
758
755
678
756
675
757
725
688
243
758
676
686
789
806
288
788
754
705
836
725
704
757
241
241
677
697
710
676
689
705
244
757
245
804
704
836
753
837
756
851
109
850
851
757
707
787
675
697
674
288
296
708
754
245
787
705
805
801
752
853
288
706
704
674
731
787
295
710
295
674
241
709
241
244
241
688
851
836
675
295
707
725
757
801
837
686
725
689
753
838
788
837
288
758
804
108
245
729
805
754
853
694
853
246
687
757
295
109
675
803
677
852
677
851
295
694
698
853
758
677
708
241
288
693
804
694
730
728
804
686
806
694
687
689
851
788
802
804
294
688
288
787
296
244
694
756
243
686
289
705
726
851
752
708
804
755
243
852
245
677
805
243
852
754
803
109
727
802
686
853
677
698
706
108
687
837
853
678
755
788
729
686
689
725
705
676
688
706
686
754
853
804
675
805
728
707
693
695
787
754
837
695
754
853
852
288
245
789
836
295
851
694
836
294
243
789
678
788
673
752
109
673
788
838
725
693
851
242
694
241
694
804
803
806
295
708
755
802
804
850
705
851
676
696
678
706
693
757
108
294
804
788
678
697
725
689
687
850
245
688
244
696
851
854
710
688
802
704
804
852
708
926
961
913
246
975
818
878
241
878
244
295
821
811
876
877
912
813
798
831
241
878
833
830
295
812
929
977
912
962
930
973
927
802
850
813
878
961
929
880
241
926
978
817
927
818
854
797
927
830
241
820
829
833
976
876
973
811
799
929
927
961
796
832
925
109
962
832
294
813
911
974
821
832
880
820
797
926
830
881
877
822
831
243
960
882
961
973
294
849
929
244
926
852
912
819
881
911
798
927
819
246
289
977
926
927
974
800
833
798
296
849
833
832
244
929
243
243
829
925
962
820
820
930
976
798
961
800
973
244
821
812
800
246
879
813
819
798
974
977
881
912
289
930
878
879
852
852
927
926
811
813
977
877
880
930
296
876
812
927
926
880
912
912
926
854
975
961
849
962
810
820
926
929
798
913
848
977
818
821
801
812
801
927
880
850
848
831
881
822
848
881
927
821
821
973
877
820
927
880
930
828
812
977
851
295
817
829
801
850
926
109
245
911
813
832
832
244
819
852
926
242
295
831
978
876
289
289
975
833
799
243
974
834
848
878
852
852
978
812
877
832
243
879
851
243
107
973
798
821
811
799
245
109
976
851
802
975
850
818
833
912
877
930
821
109
853
109
295
241
976
833
295
829
975
831
878
821
975
880
852
109
925
832
109
817
879
821
853
879
912
800
879
976
876
912
820
243
880
811
817
834
974
852
243
820
813
800
881
799
109
849
295
797
912
242
796
854
879
831
930
960
879
977
882
848
810
929
295
810
976
242
928
849
801
245
975
878
802
829
961
830
798
975
912
800
928
974
877
819
802
831
961
801
800
854
977
810
812
852
820
802
817
294
912
244
802
927
243
911
830
849
108
925
801
830
878
798
800
829
876
798
289
881
243
799
829
974
820
109
961
834
241
829
797
241
811
926
830
296
911
812
879
853
851
829
831
828
799
829
909
912
1041
1089
1037
963
1024
295
245
294
910
1023
933
245
1072
244
941
942
943
932
961
946
1087
912
931
931
1088
1072
991
942
909
993
941
924
965
940
941
922
1041
923
1037
942
991
1023
946
994
1041
925
993
1087
944
989
243
934
934
296
943
942
941
912
244
245
107
964
1025
994
296
244
934
989
1074
989
945
992
1039
243
1024
1038
990
1073
993
932
1086
990
914
241
993
909
1023
941
929
992
965
963
932
912
925
912
243
914
944
991
923
966
922
914
923
1024
941
109
991
941
988
244
1037
295
962
930
108
922
244
933
962
1086
1025
923
989
929
965
992
1038
992
295
241
1087
923
1025
244
911
1086
911
1089
1087
910
910
1086
991
933
925
1040
911
930
295
933
1040
994
243
1087
943
931
993
934
933
930
932
1037
929
1090
1024
941
925
109
909
1073
943
109
1074
911
966
1072
965
1073
934
294
965
930
963
243
931
964
245
1086
243
930
244
1041
241
963
1073
109
909
243
923
246
965
1087
911
934
991
908
1072
993
924
988
1088
246
910
909
931
1023
241
1088
1023
1042
1041
1073
930
244
1088
942
942
994
967
911
909
924
965
994
989
1041
913
960
1039
992
1037
244
1074
911
932
925
1039
941
967
295
989
245
1072
923
1039
988
909
1041
912
910
934
931
245
994
1086
945
1087
1087
990
963
924
932
1074
923
944
1072
943
1025
991
243
245
1024
994
1073
989
965
245
245
1086
1087
925
929
923
944
913
991
941
1040
929
244
913
246
945
909
923
989
961
1042
1090
1024
961
925
941
910
942
914
945
932
912
925
990
909
933
1074
930
964
1038
1086
1041
963
911
1088
990
245
1089
943
288
1087
931
1041
945
964
930
295
911
1088
243
913
1038
991
942
910
1089
994
289
940
108
910
964
1086
295
1041
942
923
992
941
1086
241
922
988
1087
1037
994
944
1087
932
1088
913
1088
109
1089
989
1074
107
930
930
988
993
241
1023
989
912
994
942
1086
245
244
961
909
925
914
940
1088
914
1073
1229
1167
1053
1067
1137
1084
1054
246
1136
1132
1229
1182
1180
1108
244
1215
1052
242
1086
1231
1133
1105
1067
1216
1075
245
1086
1134
1088
243
1076
1136
1137
1068
1229
1055
1183
1086
294
289
1228
1103
1132
1065
1181
1086
1086
1051
1086
1135
1183
1103
1217
1180
243
1083
1134
295
1231
295
1133
1106
1052
1086
1068
1184
1232
1216
1053
1231
1230
1131
1085
1232
1229
1087
1110
1086
1088
1088
1077
1087
245
1133
1074
1167
1086
1075
108
1075
1057
1103
1232
1167
1085
244
1088
246
1131
1052
1215
1087
1087
1055
1074
243
295
1052
1216
1052
1132
1083
281
1108
1108
366
1229
1215
1089
1066
1075
1183
1086
1083
370
1085
368
1229
1215
366
1184
1054
1168
1167
1068
1132
1183
1056
1054
1087
1087
1075
1076
1232
1088
1105
1167
1185
420
1136
1056
1065
1168
420
369
367
1085
1074
1168
1085
1230
1231
1087
1067
367
1066
369
1137
1076
109
1136
1074
1133
420
1052
1109
1229
370
1107
370
1077
1233
414
1073
1076
1230
1073
1054
1104
1134
1109
420
1088
1106
1182
1230
367
1075
1166
1166
1083
1231
1137
1109
1134
1065
1077
1104
1072
1167
1085
1054
1135
421
1228
1183
1065
1132
1232
421
1215
414
1086
1137
370
1166
1057
1072
1076
1137
366
1077
1185
367
1133
1183
1106
1228
1072
419
1054
1136
414
1073
1075
1077
1181
1183
1053
368
1231
1057
368
1085
1168
1085
1052
1085
369
1076
1132
370
1230
1185
1135
1085
1068
1083
1057
1232
1106
1087
1068
1085
1104
370
1230
1184
414
1073
420
1055
1055
1055
1132
420
1167
369
1088
1084
1108
1167
1056
1077
109
1229
1084
1051
368
1055
1232
1053
1084
1133
421
1104
370
1086
1166
1068
1057
369
1180
366
1087
1132
1073
1185
367
1230
368
368
1183
1085
1186
1058
421
1105
1168
1167
419
1085
1216
1232
1085
1136
1058
370
1053
109
1104
1057
419
1109
1054
1184
1216
1233
1168
1217
1075
1110
1184
1089
1077
1057
1085
1057
1134
1077
109
1136
419
1089
366
1232
1074
1076
1054
370
1066
1087
1089
1183
1137
1229
1068
1087
1087
1134
1135
1137
1136
1109
366
1085
1108
1111
1185
1078
368
1233
1069
369
1058
1088
370
370
1133
109
1132
368
1077
1169
1167
1136
1138
1232
1217
1074
413
109
1090
1167
1134
1218
1105
1217
1075
1056
1233
1057
1229
1105
1183
1199
1211
1202
1308
1344
1342
1261
1309
1192
420
1236
1357
1260
413
1194
1342
1261
1199
368
1184
1181
1235
1201
1295
1215
1235
370
1293
1310
368
420
1264
371
369
1182
109
1260
1263
1199
1183
1195
1310
1310
1260
108
368
1259
1262
1359
1342
1358
414
1357
1261
419
1194
1234
1213
1213
1182
366
1234
1236
1360
1356
1214
1359
1357
1310
1259
1181
1360
1180
1193
1236
1211
1311
1204
1213
1193
1263
1310
420
369
109
1202
370
1215
1358
1182
1294
1309
1211
1312
1179
1233
1357
368
1264
1214
1263
369
1211
1211
1343
1293
1204
1232
1213
1231
1194
369
1203
1201
1213
1199
1184
1264
1195
413
1309
1235
421
367
1193
1263
1232
1214
1184
1358
370
1232
421
1213
1259
1262
1234
1234
1232
1203
1262
1193
1309
1192
1295
1203
1195
1343
1202
1263
1308
1295
1356
1262
1260
1200
1235
1213
1201
1213
367
1343
368
1342
1213
368
1360
1263
1262
1201
1203
1307
1233
1311
1211
1215
1192
368
1260
1356
1237
1236
1359
1235
1182
371
1195
1342
1179
1262
1293
1204
1201
1264
1310
1203
1194
370
1180
1359
1201
1193
1294
1295
1359
1343
1261
1181
1185
1203
370
1312
1216
1261
1181
1201
1212
369
109
1215
1360
1264
1360
1232
1312
370
1181
1309
1180
1194
1183
1360
421
1294
1263
1356
1214
1343
420
1259
1181
1180
1264
1312
1265
1357
1260
369
1311
1262
1215
1236
366
1235
1344
1261
1296
1202
1310
1212
1312
1213
419
1183
1180
1309
1193
1203
1179
1259
1235
1308
1181
1205
1185
1356
1214
420
1204
1236
1358
1312
1310
1357
1236
420
1262
1264
369
1212
1358
1261
1343
1236
1216
1312
108
1345
1182
1213
1183
1310
369
1263
1312
1196
1213
1265
367
1259
1310
1214
109
1263
1308
1201
1310
1309
108
369
368
1195
1196
413
1313
1236
1308
1360
1216
1264
1265
1201
1263
1262
1311
1264
1183
1194
1262
1211
1261
1312
1259
419
1359
420
1232
1358
1313
1200
1295
1196
1360
1263
1356
1343
1184
1262
1192
1238
1179
1296
1184
1214
370
109
1345
1202
1343
1357
420
1216
414
1309
1194
1182
1358
1183
1196
366
1234
1202
1195
1356
1344
1201
420
1264
1308
1212
1183
1360
1180
1312
1212
1312
1312
369
1311
1205
1213
1313
1237
1344
1193
1264
1237
1238
1326
1372
1306
1420
1373
368
414
1471
1406
1421
1374
1343
1346
1311
1294
419
1420
1374
1406
1422
109
1470
1372
1326
370
1327
1345
1326
109
1424
369
1307
1373
1472
1347
1373
109
1303
1467
1373
1327
1371
1324
1344
1373
1423
1292
1423
1291
1372
1307
1313
1455
1421
1421
1371
1294
1327
421
1423
419
1405
1348
1468
1454
1293
1420
1470
1325
368
421
1296
1467
1419
1305
1468
1315
1470
1312
1313
1454
1373
1374
1315
1421
1374
1326
1371
1315
1471
1468
368
1307
1324
1420
1294
1374
1295
1373
1313
1469
1468
1305
1405
1471
1423
1470
1293
1327
1291
1292
109
1345
1349
1405
1343
1372
1469
366
1346
109
1424
1423
107
1422
1375
1422
1423
1304
1328
1295
1313
1471
1419
1456
1419
1374
1311
1406
1405
368
1324
1315
1469
1293
109
1292
1344
1470
1293
1342
1421
1311
1467
1455
1420
420
1371
1306
1291
1371
1455
1314
1305
420
1314
1313
1304
109
1327
1469
1314
370
1325
420
1295
1375
1376
1292
1455
1325
1468
1327
108
1327
1311
1313
366
1424
419
1313
1323
370
1373
1306
1424
1454
1455
1421
1312
1375
1421
370
1373
1348
1424
1344
1292
1303
1291
1323
370
1316
1406
1456
1419
1372
413
1470
1372
1311
1405
1315
1313
1468
1304
368
1345
420
419
1312
1344
1374
1406
413
368
1420
1468
1347
1456
1405
1306
366
1376
1469
1454
1304
1315
369
1372
1313
1316
1324
1346
1405
1311
1313
1292
1371
1469
1314
1419
1371
1293
1373
421
1468
1405
1323
1315
1307
1423
1406
367
1469
1374
1421
1422
1422
1326
368
1471
1328
414
1420
367
1405
1422
1312
1423
1312
1304
1327
1421
368
1314
1342
1376
1454
1455
1326
1420
368
1469
1314
1345
1313
1470
1468
109
421
1468
1312
1291
1373
1407
1326
1419
1296
1313
1314
1347
1307
1326
369
1295
1421
1468
1343
1454
366
1347
1372
1472
1347
1344
1375
1371
1370
366
1455
1371
1470
1325
1454
1454
1455
1373
367
1306
369
1295
1296
1305
1296
1372
107
1313
1467
1371
1311
1313
368
1314
1345
1375
1307
1454
1424
420
1406
1346
1371
1347
1376
1327
1292
1311
1296
1454
1407
1293
1292
1343
1405
1306
1312
1348
1373
1295
1296
1471
1421
1311
1420
420
1405
1315
1424
1454
1325
421
1467
1346
421
1426
1527
1471
1433
1577
1528
1594
1413
1469
1438
1468
1594
1437
366
370
369
1466
1435
1428
1577
1445
1429
1589
368
1493
1413
421
1417
1417
1465
1412
1433
1493
1414
1437
1415
1429
1594
1450
1577
1435
1497
1468
1498
1414
1436
1414
1425
1496
1542
1427
1468
1578
368
1498
1576
1494
1577
1495
108
370
1418
1414
1437
1470
1416
1468
1497
1417
1530
1438
1497
1496
1544
1416
1590
1448
414
370
1414
1450
1416
1427
1427
1591
1430
1415
413
369
1496
1546
1450
1577
414
1471
1529
1591
371
1495
1595
1450
1468
1593
1543
1578
1446
1427
1447
1545
1428
1577
1470
368
1428
1434
1438
1417
1450
1578
1419
1434
1530
1446
1529
1544
1591
371
1545
1530
1592
109
1437
1414
107
1594
1543
1418
1470
1416
1466
1547
1528
1545
1466
1449
1430
1468
1415
1448
1544
107
1495
1594
1447
1546
1419
1544
1528
109
1595
1428
1438
1468
1577
1467
1499
1577
368
1417
1528
370
1529
1528
1430
1578
1447
1499
1435
1546
370
370
1468
370
366
1438
1544
370
1419
1494
1414
1498
370
1594
1416
420
1496
1497
1434
1429
368
366
1427
1466
1437
1428
1418
366
413
1590
1546
1544
1436
1417
1530
1445
1450
1436
1543
1448
1593
1592
1447
1590
1578
1430
1493
414
1547
1430
1593
1530
1529
370
1446
1499
1495
421
1494
1414
1447
1593
1436
1450
1466
1470
370
1437
1542
1428
1593
1448
419
1428
1467
1435
1497
1428
1592
1544
1468
1528
369
1591
370
1414
1465
1498
370
413
1472
1495
1429
1472
1579
1417
1447
1590
1450
369
1499
1497
1594
1434
1528
1415
1418
1496
1578
369
1578
1417
1414
109
1419
1466
1547
1427
1529
1419
1579
1547
1418
1494
1497
1592
108
370
1471
366
1545
1434
1470
108
1530
421
1529
1419
1595
419
1437
1419
1493
1591
1447
1496
1590
1446
1466
366
1547
1528
1445
1446
1543
1429
1413
1438
1429
1449
1469
1545
1530
1498
1499
368
109
1418
1578
1542
1416
366
1435
1544
1438
1436
1594
1471
1467
1419
1447
1415
1529
368
1468
1447
1435
1467
1546
1494
1547
368
370
1469
1467
1447
1528
1542
1577
366
1445
1448
1499
1499
1497
1591
1430
413
1545
1417
420
369
1495
107
1578
1591
1429
1579
1414
1429
1590
1467
1497
1542
1543
1542
1578
413
1466
419
1547
109
1445
1439
1591
1619
1537
1717
1621
109
1713
1668
1550
1540
1541
366
1591
1619
369
414
1559
1714
1619
1621
1666
1619
1537
1618
1668
1537
1616
109
1589
1594
1569
369
1558
1558
1619
1551
1559
1551
1573
1670
1540
1561
1716
1542
1558
1665
1620
1666
109
1670
1666
109
370
1665
1622
1667
1652
1670
1714
1666
1588
1622
368
1653
1619
413
1714
1559
1542
1669
1670
1568
1537
1591
1551
369
1700
1651
1670
1550
1619
413
1669
1558
1550
1569
370
1700
1571
1557
1553
1669
1669
1666
1594
1540
413
1592
1616
1616
421
1717
1536
1717
1572
1592
366
1667
1538
1620
1594
1715
1539
1542
1666
1668
1714
1715
1713
1572
1536
1714
1551
1701
1550
1558
1590
1541
1542
1653
1539
420
1616
1539
1558
1617
1593
1701
368
1571
1560
1619
1569
1620
1715
1716
371
109
1542
368
1703
1668
1558
1571
1715
1562
1561
421
1669
1562
368
419
1541
1543
1561
1653
366
1539
1573
368
1671
1617
1540
1541
369
369
1552
1537
1701
109
1558
1716
1669
1573
1560
1621
1558
1622
367
1620
1589
1559
1540
1617
1670
368
1668
1717
1702
1551
1701
1551
1716
1654
369
1623
414
1563
1571
369
1574
1559
1716
420
1618
420
1554
1559
369
1551
1666
1617
1667
1561
1593
1701
1592
1563
1593
1669
1702
1558
1541
1541
1669
1653
420
1572
1596
1543
414
1542
420
1618
369
1671
1618
1560
419
1623
1620
1621
421
1553
1669
1617
370
370
1541
1596
1717
1571
1590
1560
1717
370
1620
1621
1563
1703
1540
370
1562
1551
370
1667
1593
366
1575
1671
1542
420
1621
369
1593
1561
1618
368
1618
1591
1553
1716
1718
370
1573
414
1718
1701
1592
1701
420
1622
414
420
1621
1558
109
366
1669
1558
1571
421
1591
1560
1668
1653
414
369
1623
1653
1571
368
1590
421
1619
1618
414
1591
1666
1572
1551
1652
1542
1571
1716
1553
1591
1589
1618
1553
1618
1620
1702
1701
1621
1618
1620
1671
1652
1715
1538
1593
1540
371
1596
1618
1570
1702
1569
1620
1717
1562
1716
1714
1595
1716
1541
1654
420
1552
1551
1623
1702
1552
1667
1668
1621
1560
1558
1617
1652
1619
1593
108
1553
1563
367
1558
1716
1714
1666
1553
370
1654
1575
366
1653
1619
1574
1539
367
1551
1558
1551
1558
1718
1571
1594
1558
1703
413
1617
1574
1717
109
369
1590
109
1666
1538
1617
1669
1551
1671
1732
1665
1651
1731
1729
1826
1671
1650
1680
1685
369
420
421
370
1673
1826
1828
1682
1706
1729
1730
1781
1649
1781
413
1826
1813
1828
1673
1777
1652
1828
1673
1830
1780
1827
1827
1683
370
1685
1763
109
1764
1686
413
1682
1682
1652
1664
1812
1779
1706
1702
1669
1651
1680
1777
1683
1778
1652
1705
1649
1682
413
1664
1763
1813
1701
1733
1663
414
1764
1734
421
1701
1672
1733
1777
1778
1650
1665
370
1703
1764
1686
1814
370
1706
1826
366
371
1778
1704
366
1728
1653
1685
1673
1663
1828
1732
1813
108
1652
1828
1670
1683
1684
414
1826
413
1825
421
1829
1828
1704
1778
413
369
1763
370
1653
1651
366
1652
1682
368
1652
1670
1681
1682
1707
1707
1765
1733
1706
1782
1670
109
1826
367
1672
1812
1732
420
1777
1664
1733
370
1779
1813
1684
1734
1729
1673
1732
109
1653
368
1778
1777
1781
420
1813
1782
1681
1664
366
1778
109
1650
1682
1763
1671
1662
1826
1672
1733
1651
371
1829
109
1729
1654
1673
1781
1682
1673
366
1649
1654
1662
420
1702
371
1665
1685
1670
368
1650
1651
369
1829
1734
1664
1764
1702
1728
1671
370
1701
1652
1651
414
1764
1662
1707
1670
1684
1825
1732
1777
1674
1826
368
1683
1778
1681
1765
1780
1665
1671
1782
1702
1814
1652
1735
1702
1706
1814
1828
1674
369
369
1665
1651
1685
1704
1666
1664
1702
1651
1665
1829
414
1653
1814
1655
1681
1781
109
1829
1665
1781
1702
1651
1780
1684
1733
1828
1706
420
1701
1829
1828
1702
1653
1732
1734
1702
1651
419
1683
1674
1765
1781
1674
108
1706
1829
419
1672
1814
1779
1781
1681
1704
1665
1733
1665
1673
1670
371
1651
414
1664
1654
1830
368
1683
1783
1766
1687
1654
1831
1765
1685
1705
1671
1780
1706
1673
1653
1704
413
1652
1731
1783
1782
1829
1830
1733
1765
1827
413
368
1735
1653
1731
1666
1650
1708
1732
1764
1664
1675
1653
1682
1650
1651
1729
1684
1685
413
1826
1655
1764
368
366
369
1702
1731
1765
1655
1674
1734
1828
1766
109
370
1780
1682
1675
1781
1813
368
1653
1730
1703
1779
421
370
1831
1704
1730
1826
420
1779
420
1731
1781
107
1652
1782
1703
1650
1650
1683
109
1681
1830
1654
1681
1670
1735
1665
1827
1829
1815
1829
369
1733
1783
1829
1764
1687
1732
1683
1732
420
1790
1838
1806
1788
108
1769
1918
1836
1806
1807
1767
369
414
1808
108
1769
1775
1785
1789
1811
1806
1753
1917
1789
1808
1870
1918
1754
1869
1775
1870
1886
1758
1935
1787
1839
1754
368
1776
