519
395
425
191
495
425
368
367
373
509
458
450
450
210
459
459
449
536
385
387
493
386
520
371
510
392
519
181
478
422
459
537
419
459
537
369
478
511
181
396
103
394
359
143
210
387
420
181
418
537
164
459
209
121
361
370
457
369
386
394
450
353
509
386
192
164
419
181
143
144
424
492
366
421
459
519
370
120
458
450
424
422
372
451
460
510
143
181
495
479
370
370
369
459
419
366
421
394
451
163
418
361
367
368
163
519
450
457
120
519
417
359
372
495
388
210
369
518
386
450
360
192
372
191
181
417
479
422
458
359
164
121
372
387
122
121
368
361
164
360
369
368
417
520
510
163
121
367
423
397
424
398
191
372
370
493
361
425
143
386
394
450
421
191
480
103
367
460
451
210
480
369
374
480
121
419
494
493
393
494
479
395
418
517
367
192
369
480
366
392
493
371
422
373
144
510
418
479
369
397
392
120
120
450
480
449
388
396
370
460
536
181
366
121
210
163
424
395
361
518
371
210
520
481
419
512
360
397
494
420
394
451
418
121
181
164
389
520
395
355
122
450
520
538
421
120
451
419
519
369
537
460
367
420
375
363
370
371
367
481
511
512
375
521
370
393
494
361
518
520
388
424
192
371
511
396
369
520
511
389
360
420
426
192
164
459
451
163
520
360
367
181
459
520
425
421
397
363
388
394
192
368
418
362
373
164
164
479
520
495
361
450
450
395
210
367
372
367
424
369
210
395
450
356
459
424
481
143
451
368
142
396
355
451
494
538
418
452
355
192
371
511
372
450
395
210
395
495
120
451
450
451
461
121
164
462
519
372
121
369
370
480
181
521
495
461
425
376
481
388
360
361
512
424
103
426
192
418
370
519
422
450
510
420
461
192
520
399
424
422
495
398
458
420
422
493
144
520
450
480
371
142
387
459
396
181
121
163
362
421
423
481
460
122
360
520
395
399
368
481
520
425
210
538
122
103
480
423
458
388
461
492
549
544
499
575
645
662
636
645
493
192
496
606
618
577
494
513
512
636
585
586
522
164
663
500
586
546
103
181
143
550
142
494
547
635
605
524
643
644
500
493
619
550
486
209
210
513
480
164
606
210
518
514
513
492
620
606
618
577
636
493
636
646
645
192
163
662
606
584
498
644
192
181
512
606
519
192
210
513
163
496
523
521
498
547
500
576
485
192
103
163
488
585
635
522
495
645
645
499
584
605
487
191
122
522
513
523
549
512
576
577
496
618
644
548
518
576
500
143
606
144
499
524
575
586
619
577
512
120
620
163
163
545
618
498
210
544
547
586
575
586
524
519
577
485
522
663
549
192
549
619
163
663
606
663
644
499
512
122
522
103
636
576
547
210
485
522
492
122
521
500
524
636
584
546
584
646
493
492
191
164
513
163
493
144
604
103
575
584
586
512
498
513
604
494
122
121
486
546
518
181
485
121
584
587
586
543
181
519
575
512
644
644
548
547
513
636
585
645
480
519
486
524
164
620
499
497
518
121
181
606
585
513
499
644
497
486
585
637
619
549
520
577
497
512
210
192
501
521
480
512
636
481
577
620
192
487
584
485
519
543
549
584
586
519
663
521
513
499
518
576
606
585
181
485
522
524
103
518
486
121
636
511
605
496
576
549
619
521
575
500
543
143
523
163
210
619
494
551
486
520
547
523
512
586
492
511
604
576
163
500
501
485
122
524
121
551
495
646
181
645
210
103
192
499
662
500
544
548
480
488
498
480
164
643
144
585
120
514
524
523
191
520
500
143
643
522
546
550
520
495
606
494
543
495
486
637
121
604
619
480
121
497
519
520
192
487
621
492
521
122
120
605
493
501
620
499
479
606
498
164
163
549
583
618
584
500
164
512
495
643
523
520
521
513
143
577
143
636
619
480
497
495
500
522
513
520
192
486
645
522
163
606
586
499
492
545
637
637
605
646
662
646
524
496
584
584
657
599
597
730
609
121
747
608
120
659
610
181
143
608
629
756
658
715
717
696
608
597
754
716
630
605
607
606
659
611
656
631
716
730
715
633
774
122
731
654
592
773
746
181
718
756
591
697
633
120
210
656
163
103
609
164
633
597
607
654
656
661
756
774
143
631
181
697
631
210
662
731
696
773
748
608
609
597
633
654
730
634
658
591
143
715
656
122
604
599
597
747
597
624
731
774
756
624
717
163
630
629
634
657
774
598
210
191
596
757
608
655
623
747
610
654
622
654
164
657
596
608
606
164
756
630
598
590
611
606
210
210
121
774
144
143
774
755
696
607
181
103
625
659
624
632
696
660
622
697
604
603
603
655
730
121
717
634
597
630
755
122
630
608
597
606
661
660
599
598
688
755
635
717
730
122
632
634
632
661
604
717
655
603
655
122
590
635
611
746
163
634
598
610
608
143
121
624
143
122
774
731
604
121
716
773
607
686
630
592
755
660
634
659
143
697
695
774
661
630
632
143
658
607
604
716
730
657
731
164
163
598
775
732
775
748
747
604
181
655
657
732
716
612
747
210
143
144
732
120
142
775
774
656
143
605
659
657
697
687
623
655
661
732
607
624
717
600
748
730
605
634
164
599
630
636
599
758
659
610
757
718
209
608
192
604
609
659
657
718
748
731
749
749
631
756
687
597
775
775
747
122
191
599
656
120
687
609
775
597
661
730
687
661
733
731
163
757
636
598
606
210
687
605
181
600
191
611
121
210
625
749
632
696
181
658
655
755
661
756
635
598
592
209
635
731
164
655
144
623
688
697
612
658
658
698
181
731
696
599
659
142
757
756
661
662
632
626
610
662
606
631
597
625
687
661
209
749
755
611
593
591
610
192
634
687
635
748
181
688
634
731
775
593
120
758
748
163
731
624
688
696
756
659
630
598
719
607
774
688
605
730
143
730
695
599
600
655
687
143
657
822
820
735
820
724
874
755
882
856
121
192
842
881
120
733
843
758
750
103
163
759
856
855
735
122
755
788
143
735
855
751
756
814
163
732
900
842
759
856
192
812
787
843
873
784
724
857
821
142
163
882
751
120
781
882
814
760
756
841
788
785
750
900
143
717
748
210
748
732
842
749
192
781
843
722
723
858
750
143
821
821
730
120
191
723
841
724
751
857
857
899
787
729
843
734
782
761
756
723
733
881
822
736
873
180
737
192
841
724
181
881
756
857
784
874
191
820
121
122
759
883
730
731
732
822
813
760
783
783
784
163
858
782
730
717
841
750
181
144
881
786
883
749
757
734
163
143
882
758
784
192
874
716
874
737
756
181
722
857
724
192
874
857
736
821
842
881
780
210
821
842
164
756
781
193
881
843
749
725
735
122
181
760
881
729
143
729
210
717
121
181
192
759
821
143
880
737
732
725
856
749
730
749
881
761
755
900
724
756
784
735
737
734
142
749
120
717
181
787
732
181
729
732
732
881
856
761
873
880
756
841
749
823
787
122
750
823
857
900
209
144
787
731
210
717
786
122
724
757
782
731
882
733
786
210
717
181
880
103
732
103
163
873
873
731
874
758
783
737
821
730
873
759
784
874
842
843
784
758
756
724
873
874
822
855
738
732
192
780
855
823
163
786
782
786
760
750
103
873
873
883
723
723
856
723
856
732
750
841
103
749
732
881
881
813
749
900
192
783
781
750
788
192
750
823
814
729
821
143
813
756
786
841
900
813
822
748
736
856
749
881
737
143
881
760
823
122
899
813
121
730
730
821
191
730
782
785
781
757
883
756
755
842
759
717
786
733
750
822
880
734
899
737
812
823
144
883
164
787
842
881
857
191
733
781
734
822
724
821
756
737
734
723
812
758
787
813
756
121
780
759
722
788
812
843
735
759
732
881
757
759
750
758
841
120
822
842
732
782
103
821
876
859
947
941
886
910
143
859
851
913
983
877
941
1000
164
940
907
877
860
849
121
191
983
884
1009
941
907
948
860
1000
856
940
122
984
910
970
163
883
849
970
851
948
1001
845
163
163
850
862
1009
856
949
912
887
860
876
939
857
857
876
885
911
910
907
862
861
969
883
983
858
907
911
949
858
911
910
939
1027
1009
969
1009
887
862
913
884
940
985
913
1008
883
120
876
914
970
181
856
912
850
143
907
191
883
878
1026
192
939
947
876
907
913
910
1001
948
983
984
1001
915
845
910
1008
1007
191
907
969
947
851
949
939
143
940
1010
142
983
163
884
1008
914
1000
949
913
103
192
949
849
861
969
1027
859
851
121
850
1007
886
1000
982
857
143
121
910
1009
852
844
876
969
851
864
1008
1026
876
884
940
1001
949
983
886
845
908
948
851
984
192
859
876
856
940
143
912
950
910
909
210
914
908
940
907
882
878
950
884
864
883
911
877
864
939
103
192
948
861
915
969
970
845
1026
948
1009
914
850
1000
909
845
947
210
851
1010
1007
883
914
949
210
120
968
1008
877
884
1026
1008
1026
911
915
970
103
181
884
947
909
907
1009
887
857
863
860
143
949
852
909
887
856
948
982
915
876
909
1008
103
192
120
844
984
121
947
121
1000
883
143
191
950
181
120
885
908
886
849
911
971
886
863
948
845
983
1000
850
915
103
852
1000
907
914
913
882
969
876
210
192
968
1008
983
856
1000
861
860
1009
1001
852
1001
120
858
883
143
1026
908
970
859
883
144
887
122
941
850
844
210
861
883
844
856
915
907
886
862
941
844
911
163
950
941
875
941
876
884
940
984
857
845
971
192
1000
887
857
122
884
122
856
143
864
888
850
907
858
877
983
950
888
844
1009
191
885
939
909
844
192
163
877
249
984
876
1008
876
984
915
338
319
948
882
861
984
915
909
864
249
914
864
844
909
940
1009
914
859
852
907
291
858
1020
250
1061
999
248
972
1112
995
1094
292
1052
961
975
1112
973
967
1022
972
1025
1023
962
1082
103
969
271
994
248
971
972
1020
1081
960
1137
1137
1082
996
986
961
1095
999
1026
1025
1118
338
1022
1093
1024
1061
319
1079
291
998
1080
1096
249
248
961
1059
994
271
1050
999
309
1082
1080
967
271
1022
967
971
994
995
971
1094
1019
271
249
319
1061
1026
1022
1094
1082
271
970
1021
970
320
970
987
1119
1062
1058
1079
975
1024
994
1022
271
970
1096
1095
1138
1112
971
1025
1138
968
248
961
1051
271
997
250
986
998
319
956
970
994
1120
973
1058
1023
320
1119
972
248
1080
960
1052
309
292
1095
996
1018
309
995
271
320
1096
1058
1022
998
291
987
1020
1060
962
999
996
1081
292
1095
1138
1061
320
1059
249
1026
319
1022
1138
1025
1081
250
970
970
1138
1051
270
994
1061
1051
1138
967
249
1112
1079
1079
1026
969
1081
962
338
1024
1111
969
970
1022
999
997
1079
248
995
1052
961
309
1119
271
998
997
338
973
1059
1059
1080
955
956
1061
1110
973
975
998
292
1082
1058
994
970
968
1061
1120
338
998
309
1018
272
986
338
1022
970
250
338
291
962
250
1061
1022
1118
994
1058
1019
998
996
338
1024
961
1094
1094
291
1119
1022
970
1119
320
968
1121
1096
988
249
319
1081
1021
1120
1026
1082
1080
250
1021
1120
1022
968
319
1027
1063
970
103
975
976
999
1052
320
1094
1080
963
1111
309
1139
250
1059
976
319
1120
973
1052
977
320
250
996
292
1061
271
1096
996
338
1060
957
1138
1052
249
1082
1083
103
1097
962
1095
994
1027
1121
973
1020
989
1000
1062
962
1062
962
997
1062
1020
271
997
1095
292
995
989
1060
974
291
271
1080
969
271
996
956
968
271
1060
319
248
1020
974
973
1081
1025
103
1094
290
976
989
976
963
995
968
963
1062
271
1081
320
1121
997
1025
969
961
988
998
1096
1021
1097
1081
995
998
1097
1021
1122
1025
968
272
962
995
1122
249
1139
994
271
971
1120
970
1095
1095
249
971
309
970
975
1059
973
963
997
973
291
1061
997
248
320
1020
996
1138
999
976
969
1053
1138
1081
989
1121
1112
996
249
1026
1020
1081
997
309
292
1026
999
963
988
1026
1025
1060
1124
1151
270
1112
1099
1176
1205
320
1125
1122
320
1219
291
1119
1093
1148
1087
1145
1098
1114
1144
1206
1122
1121
1221
1148
248
1207
1122
1093
250
1247
1122
1113
1208
1264
1114
1148
1124
1208
1149
1113
1177
1149
1098
291
1095
1237
1125
1082
1177
1245
320
1096
1151
1101
1122
271
1237
1178
1178
1147
1246
1094
1221
1101
249
1244
1220
1207
1185
1150
1221
1095
338
1146
1099
1122
1148
1264
1094
1186
338
1147
1149
1176
320
1122
1220
1246
1123
1146
1145
1246
1147
1185
1094
1247
1115
320
1087
292
1237
1114
1150
1101
1145
1146
1089
1114
1081
1237
1222
320
1146
1245
270
1146
1114
103
319
1096
1097
1098
1187
1177
1187
1207
271
1114
1100
1185
1236
1187
1081
1097
1087
1176
248
1093
1177
291
1082
1247
1187
1101
1089
1088
1121
1113
1176
1113
309
1147
1236
1100
248
1245
1095
1207
291
1120
1101
1246
1093
1125
1147
1095
1094
1119
1098
1185
1100
1122
1094
272
103
1115
309
1237
249
1087
1113
1145
249
338
1236
1184
1088
1087
1245
1095
1185
1093
248
1113
320
248
1088
1184
1124
292
1188
1120
1245
1185
1246
292
271
1093
1121
1237
1245
1151
1122
1221
1113
1081
1178
1096
1144
271
1095
1186
1112
1086
1236
271
1101
1098
248
1152
1100
250
1222
250
1113
1263
1263
1081
1221
1177
1081
1177
1177
1097
1177
1125
271
1097
1184
271
248
1207
1097
1096
249
1087
1081
1095
1102
1247
1122
1087
338
1081
1098
1219
1247
1100
1148
1100
1125
1097
292
1150
1148
291
1188
1096
1221
1094
1125
1125
1120
1121
309
1245
1121
1176
1176
1246
1087
1185
1247
1099
1149
1147
1100
250
1101
1086
1094
1145
1124
1206
1177
309
1206
1081
1112
1099
1185
1246
1121
320
337
1186
1088
1184
292
249
271
1101
1263
1119
1206
1185
1124
1186
1146
1222
1184
248
1236
1121
1206
1176
1147
1147
1113
1150
337
1221
1147
249
1206
250
291
319
1149
309
1236
1244
1151
1206
1099
248
1095
1147
103
291
1098
1098
1145
1219
319
1125
1246
1206
1144
1146
1095
1205
1205
1222
1099
249
1220
1220
1219
1080
249
1098
1244
1219
1097
1237
1144
1102
270
1219
1186
1087
1148
1123
1221
1149
1247
1114
338
1098
1114
338
1177
1184
1206
272
1097
319
1113
1099
1245
309
1087
1098
1246
1178
1245
103
1087
1093
1219
1220
103
1225
1371
320
1371
1250
320
103
1271
1278
291
103
1347
1208
1240
1332
1221
320
1332
1363
1238
1332
1221
1223
319
1373
1223
250
1333
291
1370
249
271
1213
1371
1223
1312
1213
1277
1372
1389
320
1346
1226
308
1214
1247
1221
1347
1363
1278
248
1270
319
1223
1224
1247
1250
1370
1303
320
1363
1238
1312
1240
309
1225
1347
1311
1276
1214
1247
1312
1363
1251
1347
1370
1213
338
292
1347
1223
1370
1246
1247
338
1277
1271
1251
1390
1348
338
1223
1227
1390
249
1271
1226
319
1225
1223
1227
1213
1272
1247
1227
291
1312
1370
1332
1245
1303
1348
1273
1220
1246
1250
1362
1312
1372
1226
1275
1370
1313
271
1215
1303
1271
291
1312
248
309
1310
103
1303
1332
1248
1275
1248
1248
1208
1277
1219
1276
1208
1370
1220
1390
1219
1276
337
1372
1332
103
1214
1364
1220
103
1347
1347
1225
1311
1277
1272
1371
291
1219
1250
1312
1223
291
1274
320
1250
1346
1332
1370
1304
292
1311
309
1272
1221
1224
1207
1390
1212
1345
1270
309
249
1348
1276
1363
1333
1302
292
1219
1226
1226
1270
1333
1222
1389
1248
1270
1274
1250
1364
1223
1221
1313
1212
1207
1272
1363
1246
1249
338
1221
1312
1273
1312
1372
1221
292
1347
309
250
103
1240
271
1227
1220
1270
1332
1312
1271
1274
1302
1224
1313
1389
1275
249
1273
1248
1239
1270
291
1208
1389
1220
1312
338
1373
1364
1248
1245
1277
1390
1332
1224
1272
1370
1311
1248
1223
1276
1240
248
1372
1311
1372
1250
1331
1272
1247
1363
249
1302
1223
1332
1363
1271
250
1302
1277
1346
1273
291
1363
1222
250
1276
271
1303
271
1271
1346
1277
1273
1389
271
1214
250
1346
1332
1219
309
1246
1228
291
1251
1273
1245
1371
103
1275
309
1390
1346
1302
320
1345
1239
1249
1363
1247
271
1250
1248
1372
1363
1371
320
1247
1312
1214
1270
1312
1247
1225
1227
1311
1302
250
319
338
1333
1273
1364
1246
1276
249
1223
1310
1363
1225
1345
1276
1270
1246
1278
1345
1213
1277
1332
1302
1247
1277
1303
1221
1273
1221
1278
248
250
1347
1276
1240
1372
309
271
1240
1362
1240
1212
1274
291
1219
1213
309
1227
1313
1345
291
1247
1247
1225
1225
1241
1227
1272
1223
1275
1207
1332
1313
292
1208
1312
1347
1313
1222
248
309
1332
1207
1334
1224
1271
250
1207
1363
1333
1313
1363
249
319
1390
1335
1423
1423
1339
1385
249
291
1482
1416
248
1352
1338
309
1350
271
1320
1338
1361
1445
1423
1416
1331
1476
1382
1326
1386
1337
1414
1338
1360
292
1363
1336
1485
1459
1324
320
1320
250
1389
1387
1362
1326
1387
1425
1337
1331
1336
337
1383
1383
1459
1383
1459
1458
292
1353
1386
1502
309
1326
1383
1339
1326
1360
1415
1459
1362
1389
1382
1383
1337
1362
1482
1482
1475
1501
1357
1423
1332
271
1484
1336
1445
271
1352
1352
1383
1350
291
1332
1426
1423
1334
1424
1338
1502
1501
319
1416
1338
1361
1414
1384
1320
1351
1357
1444
271
1360
1360
1444
250
1326
249
1382
1352
1424
1362
1483
1325
1423
1415
1460
1336
1319
1386
1385
1458
1353
1422
1484
1335
1389
1334
271
1385
320
1358
1334
1458
1423
1333
1443
1387
1483
1352
1384
1363
309
1363
1334
319
271
1338
248
1363
1414
271
1385
1383
1335
1445
1363
1383
1332
1359
1353
1359
1485
1319
1385
1386
1335
1340
1422
1424
1484
1388
1382
248
1335
1335
1446
319
309
1358
1415
1361
1483
1444
1459
1383
1485
103
1359
1389
1424
1352
1334
1319
1482
1414
249
1337
103
1444
1389
1458
1425
1457
1331
1387
1415
338
271
1382
1363
1331
1336
1319
1416
1385
250
1425
1475
1351
1325
1483
1444
1336
291
1383
1326
1352
1416
1325
250
1482
1361
1353
1484
1423
1331
1320
1483
1333
1458
1362
1359
1414
1338
1360
1385
291
1460
1388
320
1334
1324
1350
1336
1388
1358
1352
338
1333
103
1415
1416
1387
1350
1326
1363
1482
1446
1351
250
1388
1360
1474
1359
1361
1416
1335
1388
1358
1457
103
1383
1483
1485
1338
271
1415
1414
1326
248
1383
1390
1414
1319
1459
1337
1443
1337
271
320
1484
1474
1424
1443
1389
1414
271
1485
1444
1358
1362
1414
1320
1361
337
1460
1384
1458
1362
250
1362
1327
1425
1319
1387
1361
1335
1336
1389
1414
1361
1474
1390
1350
338
1423
1359
1388
1332
292
1338
1352
320
103
249
1387
1476
1333
249
1445
1445
1333
1415
1484
1326
291
1361
1484
1351
292
1415
320
320
1425
249
1475
291
1460
1386
1339
338
250
291
338
270
1335
1389
1475
1501
1476
1362
1338
1425
1414
1482
1320
1385
1389
249
1457
1337
338
1362
1426
1324
1444
1336
1459
1361
271
1385
1386
1339
1382
1386
1333
337
338
1361
1584
1569
1540
1547
1540
1540
1475
1599
1609
1459
1445
1550
103
1487
1478
1483
1444
1464
1513
1583
1601
1445
1610
1485
249
1476
1486
1483
1484
1549
1483
1486
1483
250
1515
1464
1510
1484
1600
1601
1601
1541
1541
1460
1460
1571
320
1445
271
1583
1510
1444
1457
1450
1449
1608
249
1459
1608
1486
1549
1584
248
1610
1548
1444
1600
1548
1477
1444
248
1461
1568
1549
1461
1463
270
338
1456
1483
1583
1540
1451
1462
1541
1488
1540
1568
1541
1512
291
1548
337
1487
1445
1509
1584
1547
1507
1570
1513
1513
1607
1539
1462
1451
1444
319
1477
292
1600
1478
1483
1485
1507
1582
1450
320
1476
1547
292
1487
1509
1508
320
1483
1477
1444
249
1507
1486
1456
1608
1570
250
1476
337
1541
1570
1482
1541
1549
270
1540
1585
320
1482
1457
1460
1460
1539
1459
1583
1476
1458
1584
1485
1482
1477
103
1540
309
248
1549
1457
249
319
1507
1484
1444
1513
1486
1507
1512
338
1610
1462
1550
1540
1507
319
1445
1457
1550
1485
1456
1486
319
1456
1476
1482
1608
250
338
338
1462
103
1488
1627
1514
1451
1464
249
1449
1487
1584
1548
1515
1511
1583
1462
1487
1477
1487
1458
291
338
1570
1475
1608
1476
1482
1485
1510
1627
1485
1461
1541
338
1511
1550
1600
1484
1570
1547
1512
1449
249
1508
1610
1600
291
1485
1462
428
1476
1464
1459
1445
1488
1511
1626
1584
399
1483
1445
1450
417
1460
357
1608
1476
1583
1483
1513
358
1464
1450
1487
1600
1477
1570
1461
1460
1509
1547
1460
1627
1462
1460
1485
1512
1627
1569
1464
1600
1459
1610
1549
357
1549
1445
1449
1487
1601
1462
1485
1548
1599
1482
1540
1570
1514
1458
1464
1585
103
1445
1583
1457
356
1514
1464
1444
1484
1463
1599
356
428
380
1463
445
1540
1609
1486
1539
1549
1449
356
1452
357
1609
1569
417
1549
1476
1569
1450
1626
1549
1456
1600
400
1626
1549
1462
1583
1482
1484
1458
1459
1483
1627
1512
358
1483
1508
1609
1461
1548
1486
446
1627
1464
1475
1550
1487
1583
1459
1549
1487
1463
1513
1488
1485
446
1539
1540
400
1508
1548
1487
1486
1570
1451
1459
1485
1550
1569
1461
1509
1608
1485
1626
1582
1582
1457
1510
1601
1540
1451
1482
400
1549
1450
399
399
1584
1450
1507
1675
1693
1735
1637
1693
417
1675
1725
1584
1665
1634
399
1587
1640
1665
1585
1634
1582
378
1633
1581
1666
1693
1665
427
1635
1752
446
1569
1734
1733
1574
1608
400
446
1633
1708
1588
1752
379
1733
1694
1610
428
1635
1638
1609
1676
427
1639
1587
1610
399
1636
357
428
357
1569
1574
1602
1675
1673
1733
1725
446
1674
1575
1576
379
1709
1569
1633
1674
1587
1612
399
417
417
357
427
1574
357
1673
1610
1709
1583
1608
1664
1633
1601
1576
1584
1587
1612
1609
1582
1613
1708
1726
378
1673
1612
1635
1675
1666
1695
1734
1576
1611
356
1602
1585
1575
1609
1569
1725
1609
1735
1601
1608
1709
1608
380
400
1638
400
1636
1610
399
1634
1709
1589
1611
1612
358
1636
1695
1613
1734
1707
1588
1635
1664
1733
1725
1666
1640
1708
1638
1609
1695
1732
1612
1673
1708
446
1589
1609
1752
1612
1601
1709
1602
1607
1694
1601
1569
1611
1634
417
1587
1725
1675
1635
1601
1583
380
417
1633
1664
428
1636
446
356
1673
1601
1636
1638
1602
380
1639
1709
1609
1586
1610
1694
1585
1576
1751
399
400
1583
1635
1635
1637
1587
1707
1612
1725
1613
1589
1633
1666
379
1569
379
1734
1672
1640
1709
1639
1575
1601
1582
357
1569
1732
446
1695
1636
379
1710
1735
1665
1709
427
1694
1607
1601
1613
380
1575
356
1694
1589
1708
1751
1576
1695
427
400
1581
446
1584
446
445
1583
446
1587
1724
1693
379
1666
1695
427
1577
417
1708
379
1611
1608
1582
1575
1752
1752
1638
1635
103
1635
400
1674
1695
1673
1694
400
1576
1639
427
1576
1693
1733
1589
1587
1666
427
1673
1582
446
1694
1584
357
1752
1707
1674
1569
1673
1672
1587
1582
1639
1590
1751
400
1611
1726
1640
379
1694
1635
1734
1709
1674
1576
1726
1633
1586
1665
1725
1634
428
1636
1602
1673
1575
1675
1710
1586
1613
1608
1586
1696
379
446
380
103
400
1610
1612
379
1570
1665
1726
1609
1585
1638
417
1586
1610
1575
1590
378
1640
1582
1612
1608
1634
1610
1611
1753
1666
1637
357
1602
1583
1735
1734
1585
1638
1587
1696
1611
1641
1674
1734
1603
1695
379
1639
1587
1695
1709
1570
1613
1637
445
1676
1735
1587
427
427
1614
380
1588
1675
378
1571
427
1639
1604
1735
357
1696
1709
1726
1665
1603
1585
1578
417
1709
356
1587
1613
400
356
1603
446
1676
1633
379
1603
1677
1633
380
1584
1583
1695
1696
1697
1747
1746
1680
1784
1748
1836
1744
1696
1746
1844
1846
1686
1750
1745
1844
446
1804
1785
1686
1693
1777
379
358
1786
1686
356
1745
1712
1743
1696
1805
1718
1806
357
1750
357
1777
357
1701
1845
1694
1836
446
1694
1681
1693
1777
1694
1843
103
1744
1696
357
1818
1820
1821
1846
1695
1844
1687
1819
400
1804
1806
357
1694
1687
1846
1784
400
1713
1686
1698
1846
1820
379
1719
1743
1687
1843
1687
1694
1750
399
1750
1805
400
416
1777
1712
1745
1697
1721
1697
1785
428
1712
1724
1750
379
1746
1694
1722
1745
1719
1700
1697
1863
1786
1783
1804
1696
1744
1745
1698
1699
1685
1720
1819
446
1723
1696
1686
1724
380
1844
1749
1696
1700
1712
1819
1820
1806
1835
1685
1776
1681
1685
1681
1722
1746
1700
1697
1743
1694
1693
1784
446
1845
379
1721
1700
1692
1804
1687
1750
1718
1700
1804
1745
1845
1863
1745
399
1693
1694
1750
1862
1775
446
1692
1681
1819
356
427
1698
1680
1819
1804
1724
1699
1836
1697
1723
1694
1783
1698
1785
1724
1776
1750
1835
1845
1697
1784
399
1694
1805
1743
1724
1820
1787
1862
1698
1719
1750
1681
1724
428
1697
1805
427
1680
1721
1724
1692
1818
400
1845
1775
1698
1713
1786
1748
1680
1785
380
1700
1720
1693
1843
1696
1696
1747
1776
1723
1785
1836
1749
1745
378
1723
1818
1749
1699
1749
1806
1714
417
1688
1696
1712
1719
1836
1786
1784
1697
400
1693
1697
1696
1785
1820
1685
1697
1687
1696
1835
1749
1744
1806
1686
1722
1722
1692
428
357
1744
427
1712
1750
1776
1693
1693
1698
1746
1750
1786
1846
1776
1863
1818
1721
428
446
1721
1694
1783
1820
1745
1680
1786
1687
1844
356
1786
1711
1698
428
1805
399
1746
1747
428
356
1818
446
1836
1720
1698
1695
1687
1692
1746
1686
427
1722
