165
142
174
205
214
135
217
196
172
119
132
219
143
205
173
129
181
220
198
165
125
111
144
182
181
196
193
218
182
158
199
221
221
121
129
108
216
158
220
114
140
160
121
113
109
172
210
185
156
114
154
206
218
209
169
175
219
215
174
120
130
149
197
183
154
214
138
167
201
209
198
188
196
176
109
189
163
121
181
124
199
143
141
183
103
143
160
221
219
217
219
150
176
163
120
157
185
175
169
153
211
206
156
141
211
225
205
148
215
178
153
213
155
157
152
119
115
216
159
176
144
197
173
134
151
225
166
128
224
138
218
173
132
168
106
183
209
168
192
223
112
198
144
133
117
165
148
186
118
179
107
215
128
207
202
126
195
199
116
189
113
175
152
127
226
170
198
209
190
229
178
113
168
151
130
115
110
126
175
211
156
106
201
119
120
125
158
140
181
140
221
203
130
127
129
212
139
185
181
216
164
163
145
218
111
190
157
106
154
131
171
146
144
110
190
132
170
160
121
174
133
151
106
207
169
144
150
128
129
166
117
212
173
223
114
147
177
210
159
109
180
212
147
143
223
110
180
178
171
132
133
206
188
136
188
182
201
161
191
184
105
125
184
147
169
197
183
223
134
223
130
123
134
148
222
217
208
128
226
131
124
138
114
155
141
141
171
219
145
134
212
153
132
118
177
167
121
216
144
194
189
111
214
218
173
192
131
225
137
185
199
159
115
157
223
141
105
184
159
193
174
165
197
154
119
156
162
159
137
132
166
113
226
126
111
150
158
163
146
162
136
168
120
147
200
170
124
181
193
116
201
201
119
185
227
172
143
205
129
136
165
174
182
199
192
149
209
140
213
128
220
165
132
194
151
207
109
151
225
192
148
171
143
107
223
176
124
219
138
110
172
139
210
217
225
208
187
146
221
204
125
170
217
181
207
196
220
154
226
131
184
159
212
222
202
158
163
179
159
214
135
183
227
119
144
225
212
148
163
178
125
220
200
202
130
213
180
150
218
221
191
158
130
109
220
112
178
232
189
197
198
181
107
104
150
149
110
185
208
112
121
165
187
153
173
179
123
160
219
133
195
123
192
210
146
223
133
117
214
180
167
177
115
167
134
205
157
164
200
119
163
150
192
140
144
191
166
156
116
199
188
107
147
182
129
181
110
174
156
115
172
125
217
180
221
211
191
183
180
163
200
224
121
156
117
195
169
173
129
203
190
220
144
108
120
220
130
190
177
222
188
182
197
137
140
121
107
114
137
214
170
133
117
150
149
112
129
116
219
106
158
130
220
110
214
188
184
149
220
145
202
161
173
175
209
176
161
122
122
157
160
227
134
205
202
167
190
189
149
222
204
112
161
122
188
185
122
105
216
205
146
201
132
205
138
201
176
215
159
171
117
142
221
220
179
184
171
166
117
114
123
131
161
200
213
127
197
170
225
122
129
119
135
205
213
110
222
151
141
128
109
198
205
167
183
177
169
205
126
196
157
170
163
213
107
147
137
219
194
124
117
193
188
177
198
189
204
167
141
155
203
187
120
148
125
186
138
134
131
176
218
172
200
196
108
170
207
129
139
148
151
215
173
156
132
184
121
136
173
197
127
156
177
157
162
148
186
114
177
128
144
166
180
126
118
160
193
212
145
113
189
225
207
117
185
192
164
150
182
112
192
143
193
200
110
222
138
210
147
179
115
142
170
207
146
104
190
215
133
124
209
207
145
110
128
207
172
168
225
162
149
217
179
151
194
161
178
160
195
196
131
194
161
212
218
171
159
113
156
161
179
178
163
167
138
185
174
152
159
114
168
117
199
209
119
106
223
140
113
137
211
206
155
164
129
226
201
131
146
147
119
218
145
187
215
122
124
128
110
157
208
135
181
175
188
159
179
164
200
141
213
123
149
193
238
198
132
140
194
110
213
213
197
158
110
189
131
219
159
176
121
207
116
212
209
135
187
154
105
164
164
152
112
179
225
127
210
162
111
222
183
199
136
155
173
139
128
140
159
223
155
196
115
111
154
142
131
236
226
134
115
153
184
210
124
138
225
169
157
218
190
179
139
178
199
223
154
135
119
178
131
106
168
178
151
142
140
104
152
202
134
119
160
117
151
107
177
176
218
179
121
207
134
208
237
139
183
178
152
143
201
106
205
134
111
108
152
174
220
170
141
150
200
159
205
218
113
174
180
161
208
150
125
168
134
146
155
136
131
212
163
132
144
124
121
165
112
129
174
206
149
164
145
210
227
177
217
193
227
124
173
197
118
168
167
148
226
222
124
142
167
195
138
124
170
109
198
154
170
176
131
186
117
185
145
154
125
205
107
183
159
106
223
142
187
182
214
215
209
109
224
114
149
161
202
135
223
192
133
214
117
130
140
141
116
211
183
117
173
144
175
224
110
160
209
201
123
113
180
133
159
193
113
158
163
107
111
117
124
150
116
108
207
200
149
219
108
134
126
177
214
113
122
147
120
241
153
118
191
120
119
116
218
131
156
141
111
126
190
222
105
115
130
198
117
197
206
155
143
169
126
167
199
108
208
221
119
132
175
180
167
160
130
149
210
203
206
136
208
199
163
199
164
127
112
124
109
166
173
203
151
190
107
206
136
164
205
168
201
160
127
105
198
148
177
221
122
222
127
125
134
135
222
141
145
188
192
172
148
146
207
179
215
213
133
191
125
116
204
205
166
155
153
195
183
111
130
179
164
205
173
165
146
222
225
133
174
154
146
113
108
169
219
168
129
223
114
114
109
153
178
218
208
123
186
196
128
111
174
210
115
130
116
169
217
120
116
137
148
191
177
214
203
184
106
164
196
145
155
113
114
175
202
201
213
154
113
191
184
172
169
115
127
216
201
177
221
207
191
120
117
201
156
131
108
109
135
163
210
162
143
166
127
196
218
208
142
194
139
143
200
170
131
174
185
108
125
170
180
130
150
135
216
221
220
149
124
212
144
217
215
160
142
153
159
169
149
216
198
121
116
179
126
191
221
165
220
219
243
144
216
109
222
110
134
128
170
195
166
127
154
195
109
177
180
196
218
204
125
124
194
130
143
193
126
168
172
207
184
156
177
157
185
115
140
140
224
143
189
106
146
159
109
162
139
194
136
164
167
113
153
192
191
119
169
160
184
128
176
154
181
143
156
218
125
133
173
217
163
115
203
219
190
135
178
115
199
150
209
191
143
147
175
128
118
223
176
159
119
202
126
112
221
214
212
163
198
132
165
214
200
126
161
115
123
126
122
147
141
176
180
199
123
206
137
131
106
114
120
162
105
196
112
185
178
138
149
221
119
179
144
146
139
105
109
105
160
215
144
184
211
143
157
126
205
160
165
111
175
152
140
175
198
152
114
200
115
171
190
198
111
128
199
219
171
132
146
145
136
109
136
190
202
169
185
154
123
214
132
109
167
110
140
212
127
186
129
176
202
113
124
145
165
160
156
171
207
221
199
176
119
137
162
131
133
195
121
140
118
116
203
137
140
130
136
110
121
162
198
124
182
198
122
190
191
221
130
219
182
145
184
138
168
148
184
216
125
181
186
156
111
206
183
189
217
180
202
142
107
184
200
161
179
197
185
171
192
198
217
106
208
151
172
183
109
168
213
137
114
153
226
226
206
210
135
195
148
152
157
192
155
141
109
125
118
171
223
121
188
133
108
163
181
164
149
118
220
136
140
148
120
110
190
131
199
136
199
199
188
186
220
213
149
160
209
155
218
128
157
200
116
182
207
163
120
124
168
198
152
186
157
171
115
184
216
199
115
171
113
180
159
118
104
171
151
123
213
108
224
174
186
155
146
201
128
178
186
219
111
162
155
218
162
108
176
195
210
218
142
114
122
172
148
171
153
159
173
152
218
226
186
147
192
149
210
129
211
210
162
217
214
125
212
207
154
107
184
190
161
141
187
203
140
220
119
146
181
131
149
202
152
114
185
215
160
162
151
201
177
178
218
224
113
162
197
113
140
126
139
209
126
148
208
184
151
221
212
135
118
179
226
144
197
118
203
178
158
108
127
143
208
110
158
160
175
198
161
210
153
213
155
210
207
121
149
161
194
154
215
156
160
128
175
211
204
161
226
144
131
127
212
182
109
111
136
208
194
210
149
171
223
180
156
141
146
163
196
191
120
161
171
226
135
194
132
203
189
191
175
119
120
122
218
147
165
139
200
149
182
137
192
219
195
202
162
157
176
158
192
116
195
247
116
108
169
158
125
147
136
152
198
163
163
199
208
155
139
211
196
140
214
158
207
194
218
197
165
224
160
137
114
201
138
139
159
123
203
215
129
120
107
159
164
191
221
223
181
136
199
178
138
194
115
107
176
227
114
217
124
152
136
197
169
217
137
112
175
204
199
171
141
113
138
129
204
190
187
133
244
194
125
156
176
216
109
136
189
206
211
123
190
193
183
135
204
223
137
145
122
203
124
193
169
203
142
130
145
169
127
107
193
127
209
221
193
152
202
156
118
163
149
129
182
186
161
172
208
151
187
203
135
124
136
174
204
212
106
170
195
172
171
176
199
148
223
146
161
156
107
110
182
217
133
185
138
195
206
222
127
193
127
220
138
167
127
216
211
213
114
138
111
177
213
186
145
111
118
142
111
134
126
176
178
202
206
215
180
118
178
146
212
108
200
126
119
223
225
222
145
142
217
190
162
187
144
178
166
223
117
111
193
201
205
198
115
110
172
212
123
112
159
142
153
120
127
106
177
190
174
147
202
130
185
184
201
189
181
106
211
121
118
187
221
131
163
188
121
200
189
130
176
160
138
204
166
150
154
154
206
130
211
136
132
178
221
194
190
162
197
194
159
145
129
207
159
115
115
168
200
143
216
120
199
120
179
198
153
189
192
122
165
134
113
138
137
151
143
210
170
184
210
192
182
108
179
190
186
212
182
117
163
114
215
189
105
126
211
215
224
109
160
202
242
105
204
217
138
112
183
148
164
202
122
178
187
174
196
171
128
152
135
129
153
203
149
137
173
195
211
183
215
131
174
117
209
115
209
219
144
176
227
217
143
176
115
138
171
110
164
114
190
105
178
178
176
208
208
162
186
129
117
180
173
120
125
135
179
210
145
141
205
129
107
219
106
145
192
127
171
159
149
131
216
154
148
217
171
111
122
125
131
208
228
214
224
214
175
142
217
169
188
156
188
214
143
218
182
172
172
117
152
222
189
220
178
160
124
210
185
133
141
215
203
204
179
108
110
172
193
209
208
209
186
105
166
216
211
202
187
187
177
173
196
219
165
107
197
115
190
197
156
182
220
153
152
185
148
137
189
156
154
150
197
231
139
146
157
191
184
202
167
179
216
116
134
150
196
169
112
186
155
217
190
154
191
167
170
181
168
105
190
189
146
127
178
185
150
217
124
216
187
222
123
200
150
205
108
117
138
221
205
220
141
168
215
194
173
158
185
106
116
150
108
132
169
146
210
197
185
193
196
142
175
111
171
204
174
109
126
200
203
181
105
113
167
111
142
182
172
175
144
134
186
148
155
211
211
165
145
182
194
191
164
163
117
172
143
225
116
143
127
189
194
135
133
144
137
116
114
218
150
166
199
132
122
200
206
177
213
151
225
142
192
225
114
151
199
142
142
123
206
139
214
109
110
204
188
214
168
124
169
132
196
107
211
156
208
216
135
191
211
216
187
104
149
159
220
123
207
166
141
135
126
161
216
137
221
175
225
211
196
115
198
213
217
220
190
218
155
206
120
172
213
178
221
111
120
126
211
113
150
183
196
134
107
221
137
142
119
225
110
171
138
162
201
168
174
189
118
112
164
209
172
207
188
112
166
172
186
183
144
223
180
112
110
206
174
130
191
176
162
224
207
128
128
225
149
124
172
122
190
133
123
126
109
183
188
221
105
168
174
163
180
128
203
197
136
147
165
195
198
187
174
118
201
137
125
124
174
201
216
112
193
213
206
205
156
109
198
204
142
213
212
111
137
114
113
167
210
131
224
147
213
157
215
149
222
108
164
209
174
185
147
217
169
120
188
218
224
176
175
177
140
168
187
194
199
195
111
191
168
201
120
153
145
172
136
207
174
222
126
171
107
125
206
202
200
168
138
118
177
220
118
126
204
135
181
125
166
193
181
168
164
222
219
207
159
161
186
171
205
120
182
160
202
178
111
165
161
144
154
175
207
153
127
108
153
142
135
169
167
117
111
217
152
188
144
137
203
174
175
195
112
106
114
221
139
196
131
172
109
222
209
182
189
206
187
135
139
182
195
216
219
143
188
117
192
188
219
196
201
165
121
183
207
182
222
204
121
166
128
158
116
137
127
121
174
109
215
187
124
212
200
157
203
198
140
127
223
206
184
188
198
111
145
200
153
201
183
132
114
154
176
174
116
147
139
144
108
151
216
145
214
202
141
214
151
172
137
157
178
174
174
209
204
167
186
123
193
125
204
112
167
139
176
118
176
131
159
127
126
195
217
151
167
168
206
195
195
155
222
202
139
123
185
191
144
151
218
195
171
170
204
187
195
196
109
170
157
121
195
152
214
191
166
158
164
147
107
164
143
111
146
187
138
147
216
184
165
194
147
107
185
199
177
155
187
205
179
119
149
157
159
207
139
202
169
197
139
178
135
180
206
155
107
150
177
115
118
210
108
143
154
210
188
139
124
156
137
164
175
216
136
172
157
145
115
134
145
199
155
108
209
144
181
161
144
115
213
223
138
210
189
106
240
149
124
223
161
143
109
182
216
175
168
146
119
199
181
124
195
214
141
208
197
143
163
132
127
138
134
215
123
145
183
112
206
169
152
196
146
160
196
224
137
114
170
116
177
162
163
121
226
193
113
120
186
141
222
108
158
216
235
162
125
113
165
117
145
118
176
170
159
138
214
145
163
205
137
153
118
143
221
203
219
218
152
107
204
224
215
116
177
159
153
166
188
135
132
194
206
149
115
136
181
209
135
131
131
210
169
162
228
121
208
141
129
156
149
186
173
147
205
209
159
118
205
185
173
172
190
216
219
143
173
212
113
190
164
215
129
168
116
173
135
180
134
190
113
190
193
192
186
129
151
166
148
175
156
154
196
204
200
169
132
155
170
153
214
161
121
154
170
153
206
221
215
227
217
178
132
147
183
108
225
195
174
144
213
222
215
192
174
163
181
189
130
151
112
135
205
207
201
152
166
177
153
150
211
224
107
174
117
128
186
161
145
213
174
203
179
107
162
144
141
179
129
181
134
152
216
135
184
122
150
184
207
220
139
205
210
219
143
140
179
136
128
111
139
226
127
195
142
105
212
129
167
167
183
183
153
190
137
143
183
197
196
187
165
178
150
128
167
205
153
222
167
135
122
176
188
139
134
190
224
135
160
169
157
194
104
113
160
205
172
135
115
152
192
210
129
173
149
205
161
204
126
162
109
212
190
181
174
191
183
106
157
211
216
167
167
113
127
180
137
124
155
130
248
168
128
188
110
224
189
147
206
123
210
112
127
215
176
193
132
114
144
164
201
118
186
183
214
176
134
137
115
209
155
204
212
222
163
108
245
148
211
156
157
137
224
192
155
120
146
136
112
150
179
158
180
154
154
155
109
212
180
139
239
204
169
122
195
206
131
222
197
109
166
212
187
147
166
222
174
205
180
113
117
116
198
204
176
187
188
133
132
151
219
128
147
208
204
187
125
209
184
125
185
171
121
152
189
138
136
200
162
198
178
212
135
165
197
202
160
197
156
133
170
171
216
217
137
125
147
223
170
180
222
172
170
165
152
146
105
201
197
205
180
119
131
166
130
122
120
175
113
123
131
154
213
147
125
166
184
162
154
200
189
185
164
148
201
203
157
189
209
223
165
140
117
193
129
202
175
107
212
180
173
117
112
126
112
146
107
123
143
112
158
206
177
163
129
110
160
212
161
160
128
186
145
198
174
107
204
190
157
148
131
150
160
173
165
176
146
206
170
106
143
134
168
207
203
147
145
164
218
179
111
185
208
149
134
134
191
219
136
121
202
136
125
177
202
192
106
182
175
166
194
176
181
155
189
182
208
130
211
133
188
149
121
192
159
167
105
107
112
138
199
192
188
192
173
160
157
175
133
149
131
161
199
178
112
108
185
201
210
135
106
106
191
190
141
141
119
225
160
188
120
197
158
111
218
111
184
169
121
118
220
193
150
157
186
160
108
137
214
116
141
213
222
119
210
182
155
151
158
195
158
123
140
178
163
149
170
163
140
133
191
148
201
141
170
126
150
186
143
123
204
214
111
130
211
175
164
139
139
211
112
164
211
185
118
202
125
223
217
169
200
118
196
115
220
108
162
133
203
127
213
166
141
187
140
192
113
182
172
125
144
117
167
199
202
108
119
215
133
167
154
161
177
194
186
181
120
222
205
189
179
136
176
153
166
213
139
203
111
134
177
193
108
137
180
187
156
175
148
157
122
142
183
226
197
134
170
146
120
132
125
142
127
159
178
206
216
119
167
164
182
111
219
110
145
117
146
142
217
120
141
195
150
108
189
120
148
128
109
143
187
204
223
166
108
158
174
130
148
218
181
115
179
199
200
122
191
152
222
190
224
151
131
170
156
166
218
111
213
155
114
127
191
173
214
186
188
115
141
201
142
201
133
187
107
117
212
122
204
129
197
121
138
199
120
202
158
206
156
197
194
214
158
209
136
209
216
173
133
195
206
216
132
201
150
158
115
117
201
197
169
132
109
155
196
224
170
167
168
204
125
148
111
166
127
174
145
159
127
151
225
188
223
224
138
220
165
224
173
168
169
223
154
209
184
143
113
130
196
187
146
212
131
116
205
181
210
159
155
120
156
113
200
119
145
123
180
150
128
162
209
182
167
165
141
141
158
156
198
224
133
192
187
122
203
137
200
196
184
130
208
179
208
218
112
211
150
153
193
193
133
111
107
122
123
201
153
149
172
182
198
157
215
123
168
164
188
165
209
170
203
114
186
189
184
134
141
145
122
176
135
203
113
213
206
178
132
195
158
209
215
172
212
154
204
141
221
202
211
165
168
180
105
147
172
149
168
160
185
171
186
105
205
215
136
138
181
107
152
163
119
185
197
115
157
108
110
111
166
155
167
152
121
183
168
186
193
160
125
216
136
185
152
211
187
154
194
192
152
198
224
209
211
164
128
120
122
222
116
148
147
151
126
170
122
161
194
225
193
211
159
166
191
114
127
221
132
188
124
159
135
107
138
120
183
120
219
120
181
112
171
139
172
198
113
126
161
138
122
168
214
161
162
220
174
220
144
130
220
141
139
217
211
113
156
161
107
192
206
165
134
219
106
195
131
215
155
158
127
119
139
142
150
184
195
173
227
111
148
193
171
194
209
192
215
132
118
180
163
210
111
151
153
128
186
171
189
126
185
189
169
180
167
200
146
224
218
189
126
161
186
121
193
193
125
220
219
132
162
136
166
158
130
171
106
164
172
173
203
110
105
123
135
157
184
208
146
172
142
166
136
224
201
186
196
172
175
211
205
205
146
200
223
118
149
148
215
119
141
119
164
146
140
137
143
172
123
211
147
153
141
182
179
192
117
116
216
155
157
122
191
110
222
170
193
157
208
160
156
210
145
176
118
140
189
142
122
121
207
205
110
110
106
133
168
142
116
207
106
218
118
129
196
201
130
225
157
206
134
222
139
201
228
215
167
110
134
161
109
154
128
163
204
213
217
213
158
206
180
151
185
134
182
161
154
223
219
173
159
218
162
152
166
190
213
198
133
124
126
184
137
188
225
153
214
203
208
108
151
144
203
133
116
139
136
191
112
113
198
220
152
146
170
128
148
123
171
123
220
164
165
148
153
128
197
184
188
190
189
114
149
183
188
179
209
203
207
144
203
150
136
127
181
182
150
122
125
156
173
175
136
182
161
219
126
157
220
166
170
181
212
197
194
124
140
119
187
141
111
219
128
201
124
218
121
215
152
203
177
184
184
158
119
153
207
176
192
134
170
104
175
153
178
165
203
187
108
201
207
149
215
150
221
137
108
168
145
122
127
138
147
133
170
187
174
210
217
110
173
180
200
193
156
181
150
122
218
217
154
143
195
116
187
208
111
208
170
151
210
178
123
151
135
171
214
210
202
169
139
130
162
141
228
164
156
180
150
169
180
122
201
224
177
148
185
167
171
118
136
203
125
150
190
164
179
182
163
223
119
161
222
174
207
116
156
167
213
182
183
121
106
169
209
220
168
120
155
202
211
118
172
130
220
129
209
120
200
122
217
202
173
119
108
208
181
180
207
222
154
208
192
158
213
150
213
219
181
208
223
214
112
166
115
146
130
177
183
158
118
109
167
216
122
185
152
154
120
221
114
197
185
194
195
155
110
130
140
106
137
194
189
214
141
137
175
128
107
166
162
188
196
169
208
175
208
108
190
147
219
211
115
132
186
121
165
139
119
198
209
173
212
122
191
148
165
111
208
136
152
215
168
114
225
152
131
115
183
217
214
202
158
220
119
201
167
175
123
138
181
167
204
146
116
114
193
211
138
183
138
129
109
131
148
122
199
159
196
164
189
153
152
125
169
147
121
203
173
206
179
185
117
113
166
187
194
110
191
114
234
109
153
143
120
133
218
148
140
181
108
211
227
163
140
126
132
205
139
107
207
153
197
172
118
163
121
109
200
170
186
138
151
196
210
138
206
195
195
139
150
221
123
154
178
104
165
185
145
221
151
141
142
220
160
221
155
183
107
144
185
191
224
219
165
124
120
130
152
220
204
208
142
233
164
107
196
206
128
205
138
200
118
177
132
107
162
165
140
146
157
210
121
224
135
171
151
152
148
180
174
186
133
156
194
199
109
191
112
134
216
202
194
199
128
130
154
114
212
178
196
185
151
146
192
209
223
183
118
204
121
222
205
190
114
115
118
169
112
221
157
153
114
112
186
181
142
155
141
195
146
200
115
117
123
213
212
197
147
208
139
135
204
160
213
114
140
112
191
173
204
139
195
122
180
219
169
225
156
194
130
195
143
222
190
158
195
138
188
193
155
204
183
106
163
188
152
111
213
189
212
130
130
136
125
134
182
143
166
113
178
118
184
199
106
117
158
204
214
123
161
124
192
176
133
132
222
215
206
153
196
159
116
170
134
193
191
222
105
176
178
106
157
106
124
177
133
113
220
151
131
106
172
142
163
108
139
116
128
176
183
193
217
139
221
126
140
193
221
105
202
199
145
140
134
119
209
226
198
192
193
133
128
192
163
212
226
186
177
201
209
192
144
223
221
158
208
198
110
161
213
135
187
184
153
202
106
135
163
184
164
191
151
222
183
117
175
133
143
180
181
215
139
116
129
173
155
191
189
130
146
162
203
220
142
179
144
127
123
189
124
204
207
191
