430
516
291
516
450
518
477
516
518
424
399
482
513
144
483
516
405
479
424
551
424
404
402
518
554
402
451
275
426
511
428
144
402
514
451
218
399
220
484
553
551
404
551
448
518
550
401
218
274
405
550
517
518
220
512
479
550
401
428
405
482
423
477
425
274
421
405
511
292
400
513
403
218
452
481
399
275
422
513
260
218
481
452
400
274
446
424
482
480
455
400
428
479
518
291
553
402
404
518
405
401
551
451
425
425
404
550
402
512
274
518
424
516
405
554
220
405
293
480
455
219
430
405
259
425
550
420
484
455
422
514
274
423
424
450
452
448
553
480
400
219
480
514
425
402
518
513
477
452
218
423
402
405
422
404
402
483
551
446
480
220
449
402
518
552
218
428
428
421
401
443
292
426
451
428
454
554
454
518
518
483
401
518
453
217
446
449
400
447
217
428
515
404
274
455
443
219
261
553
480
428
551
426
405
451
400
399
420
274
451
481
219
224
217
455
515
552
517
430
427
551
452
451
485
479
554
426
551
477
260
144
479
144
517
516
513
421
429
426
224
477
481
444
425
260
219
517
447
550
480
260
479
482
449
430
554
450
399
217
219
429
553
260
291
220
402
428
420
421
430
428
427
423
514
452
483
480
452
399
420
446
551
405
483
448
479
426
477
449
402
444
456
424
514
220
550
481
480
260
451
484
518
399
422
425
399
218
552
552
480
448
513
218
291
450
402
423
554
550
516
517
518
515
224
448
482
483
450
515
220
421
517
219
401
455
260
550
446
515
483
477
420
512
399
482
400
551
444
404
554
399
515
428
444
446
549
218
512
443
448
449
553
450
399
480
518
291
405
274
453
259
454
477
517
484
515
519
453
450
483
512
514
518
420
425
447
401
477
477
401
449
405
421
427
400
482
449
515
451
552
515
424
550
552
484
219
450
513
518
403
635
605
674
601
521
274
542
274
635
220
607
672
634
551
674
676
217
527
217
640
675
551
545
606
675
521
633
217
542
525
606
674
220
549
577
673
218
577
547
548
217
640
634
674
524
219
635
260
218
219
570
674
603
634
522
545
569
521
577
602
635
603
571
573
546
566
523
292
292
527
573
675
570
566
639
545
542
569
546
637
218
525
576
640
599
542
525
673
219
523
633
521
545
605
634
550
291
548
522
551
550
634
671
546
293
602
636
548
604
550
523
551
550
576
676
604
675
217
569
570
570
551
604
636
546
552
574
549
526
260
219
605
547
675
672
524
570
525
274
634
523
551
576
603
576
568
674
274
568
674
599
566
571
219
217
219
572
524
547
674
568
548
639
571
549
638
260
602
565
527
544
675
572
220
550
546
217
672
601
549
573
291
671
550
572
218
572
547
524
526
568
526
572
638
673
571
526
675
672
543
220
521
605
577
220
260
599
675
523
521
545
570
640
575
636
548
565
523
551
672
525
522
672
543
637
220
526
573
218
291
606
547
635
571
543
261
603
544
542
546
543
605
525
637
574
635
674
225
523
675
641
565
292
577
638
635
219
548
523
548
219
225
547
273
634
552
275
552
292
674
577
638
674
639
638
673
522
218
575
526
547
526
640
218
224
550
572
634
601
274
525
566
671
565
601
521
549
546
574
545
604
526
524
548
598
565
524
639
217
603
577
292
633
568
219
219
672
550
219
260
550
549
603
576
634
599
292
573
637
549
549
605
547
572
675
672
259
543
640
224
606
570
572
673
260
292
636
549
603
601
274
603
524
605
671
572
573
220
523
219
601
573
634
603
602
638
603
606
672
639
566
526
525
218
291
547
217
545
550
522
672
639
219
542
675
220
292
523
544
551
602
674
605
568
543
545
261
604
603
291
565
524
599
218
550
606
637
274
218
604
572
545
260
217
676
674
601
550
604
546
599
672
599
671
602
634
656
744
783
660
750
749
747
661
750
274
688
292
658
745
291
714
636
292
747
637
657
633
632
712
784
660
749
638
785
633
292
633
748
749
681
658
274
687
638
638
260
751
633
749
274
219
746
659
661
653
686
785
658
274
638
784
684
635
636
633
659
260
710
786
745
715
787
656
713
748
715
716
653
682
745
660
680
782
782
684
752
714
784
716
638
261
636
261
787
677
662
654
682
261
717
259
714
636
661
633
716
751
749
747
634
658
752
677
751
751
714
633
635
748
225
219
713
218
632
657
783
217
683
659
291
636
217
784
747
663
710
748
787
633
218
679
715
713
787
632
787
787
661
657
715
660
714
787
291
633
274
718
657
219
657
786
633
681
634
656
681
679
688
714
715
219
637
219
784
717
261
710
677
632
220
683
750
656
744
656
639
712
783
681
684
749
684
663
714
635
681
676
787
291
783
752
220
683
712
637
635
637
751
715
653
677
657
636
751
661
634
218
683
633
224
687
715
658
657
688
633
712
688
716
634
687
225
660
684
676
688
639
713
713
714
662
636
659
752
633
714
752
655
653
746
637
259
658
713
653
677
750
260
785
684
685
688
658
215
746
654
220
291
748
660
786
653
660
634
688
636
746
786
677
635
713
748
260
684
684
657
219
224
632
686
783
679
744
745
225
274
260
683
714
784
750
681
662
689
274
748
685
683
681
635
659
786
219
685
717
653
714
657
292
634
655
712
684
657
653
750
785
712
218
143
685
260
677
655
275
750
220
637
632
274
714
687
655
635
786
784
713
687
682
661
717
260
746
715
747
714
710
653
783
682
715
662
660
662
634
783
653
676
749
218
274
680
709
655
638
746
682
657
717
638
659
659
636
682
751
712
681
225
688
659
220
746
688
681
260
654
292
144
220
274
716
677
750
657
653
635
635
744
715
682
637
659
786
786
716
755
802
274
837
220
807
907
904
758
219
909
754
805
291
780
755
781
780
776
834
869
780
217
801
756
220
218
782
781
218
871
837
259
220
801
780
867
873
803
779
798
810
836
836
835
293
274
836
869
801
274
870
218
836
839
804
832
807
838
275
260
755
802
868
259
906
783
754
784
908
778
836
802
784
871
218
775
907
809
217
144
804
779
804
805
832
224
781
144
871
837
778
781
806
874
217
799
832
809
754
292
218
218
783
804
804
803
905
873
780
906
778
804
782
778
754
755
757
218
756
292
784
218
759
260
907
832
802
836
779
805
809
292
760
810
274
908
868
785
869
219
759
867
754
776
756
838
838
867
908
217
776
808
872
838
755
777
218
872
871
808
806
869
224
754
760
756
782
780
867
868
758
783
274
867
831
867
804
810
260
756
805
905
260
868
873
782
869
806
218
274
907
780
907
782
219
908
907
871
909
834
274
292
804
810
781
218
756
219
870
834
810
838
756
781
274
758
292
780
872
835
757
219
906
784
755
908
808
839
292
867
781
867
906
274
784
908
837
784
779
806
905
837
905
798
871
801
778
872
908
906
219
292
275
873
836
778
872
870
779
776
837
909
759
260
832
839
220
757
908
870
904
835
759
220
867
808
759
837
905
905
291
838
780
837
760
785
804
868
781
871
274
754
776
292
905
834
758
783
905
275
838
783
834
760
870
835
291
755
758
291
871
871
809
782
799
905
217
755
785
836
834
837
805
293
798
871
220
905
907
292
868
909
261
906
782
905
868
868
760
782
780
905
291
832
758
217
143
872
217
292
779
802
143
802
836
907
798
781
808
275
834
218
831
831
777
218
778
220
782
780
756
836
804
219
870
219
781
905
835
260
805
905
757
293
905
832
754
801
784
835
803
218
274
905
907
810
759
809
220
837
784
219
274
839
755
758
777
781
219
909
810
870
784
868
867
906
810
780
908
810
782
835
904
225
907
784
872
905
832
220
868
804
782
291
837
909
291
217
220
760
927
958
218
957
274
218
1030
876
954
995
929
957
961
900
930
990
988
218
901
926
291
928
219
218
217
274
932
219
260
991
1027
904
876
926
217
901
904
899
879
901
902
957
877
217
897
920
1030
988
1027
927
898
876
218
876
925
877
994
995
1028
920
220
961
991
929
1031
898
903
907
292
224
877
1029
924
897
879
291
957
954
144
928
1031
959
958
954
260
993
959
921
924
995
927
217
924
900
959
925
1030
898
879
925
905
992
996
900
956
876
993
899
954
961
920
926
905
990
907
219
903
905
878
882
879
1030
991
877
1031
897
957
882
903
882
923
219
924
994
957
217
927
904
219
925
217
995
880
930
899
994
876
1028
1031
958
988
901
1030
219
958
902
217
957
1028
932
991
929
956
218
930
932
220
960
957
921
959
933
928
260
897
880
904
901
954
274
876
956
993
1029
879
260
961
932
1027
875
291
274
1027
1030
877
959
902
902
992
961
1031
882
901
962
1030
899
880
881
882
900
220
1026
921
906
878
1030
902
878
1029
876
902
927
900
882
219
957
925
259
878
1029
877
219
877
897
989
1028
921
881
292
273
902
928
143
907
901
926
924
930
961
959
274
1031
926
958
879
1029
219
993
960
957
993
260
878
218
876
928
881
292
901
901
220
218
991
1028
898
957
929
897
993
991
954
220
989
259
960
879
220
960
275
897
954
1029
1031
902
219
877
882
220
219
953
994
1028
961
274
897
960
956
217
929
879
932
904
989
900
876
883
1029
220
990
990
217
925
879
931
881
1030
957
1031
1027
995
990
907
880
960
905
291
350
897
926
1027
248
1029
956
960
897
905
992
907
991
954
342
290
930
1030
899
1029
932
290
1027
290
1026
994
902
322
304
923
877
995
900
881
882
906
878
956
928
923
927
1027
902
1028
960
1030
898
989
990
881
995
956
290
305
321
1027
930
350
925
1029
956
876
304
994
879
898
877
904
961
994
249
902
881
989
247
956
1031
996
994
929
881
929
290
993
322
928
879
1031
882
249
1013
1038
988
1016
350
989
350
304
249
321
1019
1070
993
247
1017
1009
1018
1103
1039
1011
1103
350
1018
1102
249
1066
350
1039
1107
1041
1016
1068
291
322
322
305
1044
1068
1044
247
1107
1106
1017
1044
994
1038
248
247
1013
321
1102
1106
1140
1140
994
1014
249
1015
1037
350
1042
1018
1013
1071
1013
248
215
1035
1011
1105
992
1071
1017
1102
260
1044
994
1015
992
1010
259
1101
1073
1105
1019
1107
1011
1017
1015
1071
1035
1010
1043
302
1035
259
1108
1139
1102
259
1038
992
1071
1035
1107
1040
1035
1103
1070
1012
1071
1068
1139
1009
990
1032
990
1039
334
1139
1010
1142
1037
1143
316
1040
259
1102
1142
259
1040
1044
1042
1065
1032
260
1017
991
1072
1017
333
316
144
1108
1104
1143
990
1016
1104
1070
988
1041
1069
1071
334
991
1101
1102
1015
1070
1105
1105
302
1071
1101
317
1069
1139
355
1071
1018
1069
1070
333
1037
1033
988
335
1016
1010
1106
1036
1013
1044
989
1103
992
1039
1140
1108
1041
1138
991
1010
334
992
1140
1017
1107
398
399
398
415
1017
341
1141
1069
398
1141
1039
343
384
1070
384
1072
343
1012
1041
990
1045
1068
1108
1017
1139
1032
1040
1011
994
1038
1017
343
1100
1139
1143
1012
989
1016
989
1140
1108
1103
349
1016
1139
1009
1066
994
344
1014
399
993
1013
1073
1105
342
1016
1104
1142
1066
1140
1101
343
1017
1015
1009
350
1044
1069
1010
1019
1140
383
1142
1101
1068
1106
1066
1139
1042
1018
384
1105
990
994
1018
1106
1009
1041
416
1018
1039
1141
1107
416
1015
1101
1073
1065
1039
1009
1106
992
350
1019
1107
1069
1106
1014
1107
1142
1044
1012
994
1143
1140
354
350
1143
1038
1017
1108
1044
1140
1068
1010
1044
1065
416
1101
1068
994
1040
1102
1104
1043
341
1014
994
992
1041
1139
1071
383
416
1102
342
1103
1018
1032
1035
1142
1016
398
1072
1073
341
1010
1038
993
1019
1141
342
1015
1143
1070
416
1141
398
1069
1017
1016
1069
989
1017
354
144
1035
398
354
1036
1014
399
989
1016
1102
990
384
384
1072
355
354
1103
1043
1043
1071
1033
1143
989
1069
1015
1044
1141
1012
1009
342
1037
1017
1015
1038
344
1016
1070
1041
1142
989
1108
383
1043
1140
1041
1141
1106
1039
1010
1072
1014
992
1107
1101
1141
341
415
417
384
1105
1104
1035
1017
1136
1164
1191
355
1190
1261
1260
1194
1227
1164
1113
1263
1140
343
1163
1224
1154
1165
384
1190
1113
1115
1162
1140
1141
354
1114
383
1187
1139
1139
1112
1226
1162
1154
1141
1135
1263
1193
1228
1223
1265
1158
1131
1227
1112
1114
398
1265
1158
1113
1112
1132
1263
1166
1110
1158
1262
355
1114
1228
1133
1159
1190
1131
1138
1194
1132
1112
1116
1136
1196
1117
1140
1191
342
1165
1225
1154
1193
1187
399
1229
1265
1114
1132
1116
1194
1112
1190
1228
1227
1188
1116
1137
1136
1223
1226
1264
398
1159
416
1188
1190
355
1110
1166
1131
1195
1223
1195
343
1139
1140
1112
1193
1162
1158
1140
1159
350
398
1141
1193
1193
1134
1187
1228
1190
398
1223
1261
1138
1136
1190
416
342
1155
1113
1154
1138
1225
342
1193
1163
1190
1112
1229
1133
1114
1263
1141
415
143
1109
1111
1193
398
1131
1265
1228
144
1134
1192
1110
1227
1265
1159
1159
1195
341
1263
1191
1263
1193
1115
1190
1162
1134
1135
1225
1263
1265
1138
1134
1265
398
343
1192
1131
1140
1116
1136
1195
1110
1162
1154
1113
1226
1263
1263
1137
1226
1140
399
1140
398
1263
415
1110
1160
1157
1111
1113
1159
1261
1195
341
1116
1187
397
398
1165
1114
1113
1133
1135
1225
1190
1141
1111
1131
1190
342
1165
1262
1158
1193
1138
1165
1229
416
1191
385
1265
342
416
1191
1262
1159
1159
343
1138
1262
1161
1136
1195
1137
1112
350
1158
1260
1135
349
1154
1112
1160
1265
1263
1135
1160
1139
1163
1230
1114
1230
1132
1261
398
1229
1188
1161
1228
1264
1224
350
1161
1115
1136
1111
344
1139
1190
416
1112
1223
1138
398
1188
355
1262
1188
1161
1164
1163
1132
1161
1262
1135
1264
1223
1226
343
1158
1131
1166
1131
1188
1261
1226
1131
1140
342
1157
1226
1166
1191
1139
1161
1223
1165
1224
1136
1192
1261
1154
383
1132
1165
415
1138
1228
1138
344
1164
1140
384
1192
1265
1190
342
1139
1111
1229
398
1140
1133
1113
1163
1226
415
1117
416
342
1192
1261
1111
1227
1192
1112
342
398
1226
1139
1155
1112
1155
1263
1135
1195
144
343
1110
416
1227
1140
343
1115
1194
1226
1139
1265
1264
1260
1131
1114
1160
1229
1265
1263
397
1195
1224
1140
1138
1134
1263
1187
1192
1192
1264
1234
1345
1384
1346
1350
343
1231
398
1236
342
1258
1384
384
1288
1317
415
1313
1310
1277
1263
1310
1384
1260
1256
1254
1288
1276
1351
415
1383
1259
1317
1345
1286
399
1284
342
1383
1387
1315
1233
1350
1285
1384
1347
1288
1233
350
1283
1258
1277
1316
1288
341
1282
1257
1348
1285
1384
1316
1316
415
1285
1347
1317
1313
1288
1232
1383
1258
1352
1383
1284
1280
1255
1314
1384
1277
1314
1347
1288
1285
1261
1345
350
350
1279
384
1382
1281
1280
1288
416
350
1239
1259
341
1281
417
1234
1259
349
1386
1313
1279
1383
1281
1309
1284
1350
1237
1255
1286
1314
1233
1283
1255
1253
1262
1235
1312
1235
1257
1285
1285
1280
416
1281
1313
1232
1238
1253
1350
1350
1284
384
343
1256
1258
350
1253
415
1263
1285
1283
1384
1238
1234
398
342
1347
1312
1236
1317
1280
384
1236
1258
1347
1312
343
1316
1350
1288
1314
1259
1280
1280
1282
1345
341
1350
1313
1262
1263
384
1316
1260
384
1387
341
1344
1318
1253
1316
1348
1286
1310
1281
1315
1288
1350
1346
1313
1262
1387
1254
1386
1284
1349
1352
1385
1385
1384
1384
1382
343
1232
1316
1387
1312
1238
1279
1348
1385
1283
1253
341
1234
1282
1281
1310
1232
384
1347
1382
1345
1260
385
1257
1255
1259
1286
1283
1315
1311
1344
355
1281
1256
1233
1346
1256
1254
1254
1285
1346
1281
1312
1345
1348
349
1261
1254
1235
1285
1234
1261
1254
1345
1283
1384
1309
1350
1346
1255
1349
1347
1257
384
1258
1279
1260
1255
385
1262
1238
343
1235
1350
415
1237
1314
1345
1289
1282
1238
1349
1234
1257
1282
350
1259
1317
1386
1312
1256
1385
1237
1309
1351
342
416
1313
343
1254
1254
397
1348
1277
1238
1261
1289
1236
1238
1387
1385
1287
1237
1382
1283
1348
1259
1385
1236
344
1255
1257
1261
1348
1238
350
1387
399
1385
1348
1239
341
384
1253
1350
1282
416
1287
1281
1260
1284
384
1236
1238
1260
1385
1233
1382
1257
1282
1253
1385
1349
1259
1345
1316
1260
1254
1288
343
1254
1345
341
1260
1346
1387
1262
1313
1233
1256
1257
1231
355
1237
416
1349
1383
1314
1382
1350
1263
1257
1262
1351
1263
1346
1237
1350
1317
1384
1282
1315
1310
341
1259
1285
1277
1253
416
1346
350
341
355
1384
1393
1456
1462
1423
1497
415
1462
384
1392
1396
1497
1366
1373
1461
1346
1348
350
1393
1370
1348
1369
1498
383
416
1388
1460
1349
1393
1462
1423
1424
1395
1493
1495
1396
1347
1428
344
415
1346
1347
1349
1462
1494
1498
1461
1392
350
398
1456
1345
1343
416
1458
1457
1344
1394
1387
1496
1364
1388
1461
1394
1349
1461
1344
1388
1349
1459
1373
1392
1498
1428
1346
1391
350
1456
1345
1370
1494
1497
1370
1457
1461
1392
1370
144
1388
1458
1368
1364
1420
1398
398
1347
399
1424
1348
1399
1421
1364
1423
1343
1396
342
1460
1421
1395
1343
1346
1344
1346
355
1421
415
1366
384
1395
1372
1458
1343
1420
1495
1462
1428
384
1366
1348
1426
1460
1462
1344
1343
1393
1365
1366
1497
342
1364
1425
1348
1397
1494
1348
1399
1343
1371
1424
383
416
343
1367
1393
1373
1373
1350
1456
1368
1461
1343
385
1459
1395
1494
1426
1423
1367
416
1364
1423
342
1461
1428
1374
1399
1396
1349
1461
1426
1395
1428
384
1369
1424
1460
1343
1345
1460
1393
1347
1497
1494
1399
1370
1367
1368
1423
1458
354
1459
1496
1426
1461
1364
1374
1457
1344
1368
1420
1397
1348
1394
1423
1421
1365
1497
1367
1424
416
1343
1370
1344
1457
416
1427
1369
1397
1395
398
1425
1460
1370
1421
1395
1388
1347
1456
1348
350
1426
1345
350
384
1426
1393
1367
1459
1373
1374
1390
1428
384
1427
1455
1369
1364
1372
1393
1367
1368
1497
416
1370
355
383
1364
384
1458
1345
1372
1348
1370
1369
144
1370
1366
1369
1344
1497
1364
399
1347
1400
1428
1372
1459
416
1372
1343
341
1462
1348
1461
416
1367
1367
1426
1427
1425
1346
1428
1496
1346
1373
1495
1349
1424
1496
384
1427
1347
1394
1498
416
1428
1349
399
1373
343
1457
1458
342
1369
1348
1365
342
1423
1366
1427
1421
1498
1461
1347
350
1344
1367
1345
1349
1369
342
1399
1345
1373
355
355
1498
1496
1373
1372
1424
1346
1394
344
1392
1396
1394
416
1343
1391
1365
1373
1366
350
1461
342
1373
1348
1368
1395
1461
1374
1349
1457
342
1494
1426
1365
1392
1495
1373
1497
1421
1345
384
1346
1343
1365
1399
1369
1350
385
1427
1368
1423
1373
1368
1495
343
1370
1370
1349
1345
1399
1343
1421
384
1460
1368
1425
1461
1542
1517
1491
355
1510
1583
1550
1578
1486
1517
1514
1617
1492
1514
1520
1493
1492
1585
1547
1546
1620
1547
1492
1514
415
1494
1583
1616
1471
1620
1493
1619
1489
1466
1583
1547
1516
1521
1581
1550
1547
1465
1512
1578
354
1495
1578
1470
398
1584
1513
1620
1486
1493
1493
1549
1487
1581
1584
1491
1515
1513
1521
1490
416
1469
1514
1581
1615
1486
1492
1515
1486
1515
1584
1617
1468
1548
384
1469
1471
1546
1489
1513
1620
398
1492
1491
384
1495
1517
398
1517
1581
1510
1517
342
1509
398
1516
1548
342
1579
1546
342
1512
1489
1469
384
1495
1492
416
341
1465
1492
1584
1578
1492
1548
1619
1584
1581
1520
1466
354
1494
1493
1510
341
1469
1516
1617
1492
1517
1580
1470
1547
1550
1543
416
1466
1512
1496
1521
1487
398
1488
1581
1617
1615
1512
1543
1615
384
342
1517
1618
1543
1550
1516
1472
1496
1488
1496
1471
1548
1578
1515
1579
343
1471
1520
342
1616
1514
1584
1584
415
1543
1619
1516
355
1465
1467
343
1618
1471
416
1491
1543
384
1487
1493
344
1494
1496
1548
1581
1495
1619
1615
1618
1493
1547
1489
342
1550
1464
1495
1486
350
1550
1550
1492
1543
1543
344
1616
1491
1518
1491
1546
1469
1616
1495
1494
1550
1545
1516
1515
1579
1581
1543
1468
1546
1520
1616
341
1618
1619
1518
1468
1579
1493
384
1583
1494
1545
341
1618
1583
1466
1509
1490
1510
1469
1466
1545
1581
1617
1545
1515
1616
1546
350
1468
1617
1620
1509
1514
416
1584
1582
355
1520
384
341
1579
416
1510
1509
1510
1542
1491
1619
1543
1510
1615
1579
1518
1517
1488
1471
1578
1581
1517
1469
1518
1581
1583
1510
398
1489
1579
1486
1467
1548
1543
1619
398
1579
1580
1471
1618
384
398
1617
1468
1488
1492
1521
1547
1548
1584
1581
1549
1620
350
342
1520
1514
1577
343
342
399
1493
1620
1616
1548
1520
1519
1618
1514
1466
342
1466
1518
1521
1519
1619
1579
1516
1465
1518
1543
1486
1543
1465
1469
415
1468
1468
398
1547
1577
1548
1490
1468
1546
1518
1548
342
1471
1620
1578
398
1493
1581
1545
1465
1465
1579
1489
1550
1510
1546
1620
1546
355
1516
1549
1516
1580
1467
1516
1494
357
144
1549
1519
1494
1616
1513
1492
1542
1486
1672
411
1643
411
1743
1668
1670
1636
1590
1616
1743
1637
1636
1669
1613
354
1635
356
1704
1593
397
1671
1742
1594
1592
1643
1592
1641
450
1642
1632
1591
1591
1613
1619
1615
411
1619
1701
429
1593
354
1706
1742
1590
1702
1617
1613
1740
411
1671
1611
429
1613
355
1741
1740
1616
355
1704
1742
1635
428
1707
1641
1701
1740
1743
1643
1704
1634
1639
450
1594
1707
1707
1670
411
1595
1741
1702
1705
1642
1743
1672
411
1671
1634
1741
411
1674
1640
1673
356
1674
1743
411
1636
1667
1638
456
1705
1634
1742
1708
356
1616
1613
396
1636
1593
1590
1616
1614
1671
1593
1641
1674
1708
1611
1614
1704
411
1642
450
1709
1618
1591
355
1591
1641
1703
1611
1591
1670
1590
1669
1591
1669
1674
1743
457
1640
1667
1744
1614
1706
1612
1637
1743
1592
1706
1620
1703
1639
1636
355
1741
1613
1743
1644
1594
1634
1617
1592
1704
355
411
457
1703
1641
1667
1671
1701
1589
450
1703
429
354
1644
1702
1615
1705
1614
1646
1638
1590
1639
1589
1708
354
1641
1614
1590
1594
1707
1709
355
355
1591
1707
1702
1667
1742
1704
1706
1706
1637
1594
1590
1617
1643
397
412
1640
397
1673
1616
1615
1671
1704
450
1641
449
1618
1634
1707
1614
1592
1594
1590
1611
1672
412
1593
1670
1673
354
356
428
1742
356
1593
1703
355
1674
1741
1617
1591
1703
457
355
1611
355
1671
1674
1595
1610
354
428
354
1595
1617
1589
1592
355
1595
1705
1594
1674
1611
1634
1706
1671
1590
1592
1702
355
1614
1616
411
1671
1589
457
1706
1642
1637
397
356
1670
457
1743
143
1616
1670
1673
1613
1740
1615
457
1641
1707
1592
1613
397
1744
1594
1642
1704
1708
1706
1645
1615
1634
357
1595
1617
411
1616
1613
1704
429
1645
1610
1742
1743
1707
1613
1708
1593
1672
1589
356
1643
1670
1705
1669
1616
1707
1741
1742
396
1610
1674
1673
1671
1643
1704
1595
1672
1618
456
1707
1744
1671
1617
1708
1672
1672
1645
1613
1614
1589
1642
1590
397
397
1640
1673
1669
1674
1612
1610
1674
1639
1671
1637
1610
1639
1642
1637
1674
1741
1620
1667
1619
1614
1743
1591
1590
1617
1589
1613
1594
1670
1740
1674
1702
1645
1671
1639
1634
398
1590
457
1703
366
457
1743
1743
367
1644
1589
422
1704
1636
440
422
1704
1612
1595
1706
1742
1618
1640
1619
1615
1703
1730
1753
1783
367
1783
1781
1817
1730
1749
1757
1701
1705
1754
367
1705
1751
1852
1753
1729
1728
367
1813
1722
1785
461
1731
1703
1855
1753
1754
1726
1727
1779
1702
440
1726
1751
1854
1819
1785
1853
1756
1751
1752
1745
1707
1754
367
368
1725
1729
422
1784
407
368
1706
1814
1817
1729
1756
1727
1784
1756
408
439
1754
1755
1708
1754
1816
1705
1708
1725
1702
1781
1722
1784
1703
422
1786
408
422
1781
1821
1701
1754
1757
1745
1782
1728
1752
1707
1816
1819
1780
1757
1817
1727
1752
1783
1722
440
1726
1730
1746
1727
1820
1750
1820
1751
1751
1853
1852
1706
1786
1753
408
422
1751
1727
422
1782
1779
1745
1705
1752
408
422
1853
440
422
1722
1753
439
461
1701
1786
1752
1817
1781
1784
439
1701
1705
422
1724
1816
1703
1784
460
1781
1746
1705
1818
1749
1723
1723
1785
1723
1854
1821
1702
1785
365
1816
1750
1786
1813
367
407
440
1779
1786
1746
1781
1722
1723
1819
1704
1731
1732
1752
143
1816
366
1728
1707
1701
1856
1750
365
1821
1750
1816
439
1783
1701
1786
1856
1854
1701
1706
1852
440
1731
144
1816
1730
461
461
367
408
1750
1752
1819
1815
1722
1819
1817
1723
1785
1781
407
1706
1755
1784
1783
1781
422
366
1706
1727
1745
1752
1813
1729
1779
1723
1852
1815
1856
1755
1854
422
1722
1820
1729
1852
366
1723
1785
1755
457
1706
1746
1728
1752
1749
1784
1758
409
1853
1782
1787
1753
1703
366
1757
1756
1703
1722
1704
1785
1752
1707
1755
1723
1757
408
1757
488
1782
1729
1785
1855
460
1854
1782
488
1754
1725
1820
1752
1748
1750
1750
502
1816
520
1726
1781
1819
1814
1814
1785
1820
1731
1854
1751
1779
445
1702
1730
1854
1785
1820
1753
1751
1785
1815
1754
520
457
1851
144
1728
1820
1707
1814
447
1784
1751
1725
1722
1746
1727
1817
1855
1703
446
1784
1752
1725
1852
1757
1815
1757
1784
1854
1853
446
1785
1705
1757
1853
457
1730
1731
1855
1703
1755
1704
1814
1781
1814
503
1782
1820
1726
1782
520
1783
1726
1704
1702
1783
446
1853
1820
1728
1814
1785
1786
1706
