176
191
146
155
163
178
151
173
167
161
174
152
164
176
176
187
148
154
202
154
148
208
172
177
173
188
146
191
187
183
172
179
170
167
179
152
159
186
175
188
181
171
166
169
170
200
190
184
155
168
158
190
177
149
196
168
183
153
157
203
189
191
160
162
154
162
178
186
162
179
152
198
185
150
181
174
155
194
200
185
175
188
167
183
183
176
156
152
190
168
169
164
193
182
161
193
173
171
202
199
201
179
177
151
158
189
185
162
191
161
179
172
155
185
160
182
166
163
184
160
180
193
189
156
186
149
193
160
168
161
148
200
155
158
184
189
163
168
161
179
152
170
185
202
209
189
202
198
163
147
162
180
155
176
165
162
156
155
180
158
160
177
172
164
205
150
178
203
166
179
148
163
163
156
165
165
150
197
187
179
152
183
181
151
181
188
157
189
157
170
189
151
184
163
157
157
148
185
210
171
156
197
189
171
186
196
190
197
182
164
171
168
174
160
178
154
199
204
187
169
175
181
204
152
157
177
155
197
177
156
178
162
192
173
154
165
149
169
146
203
156
167
165
203
162
237
160
191
171
192
180
180
169
202
148
171
194
196
171
154
190
162
185
167
200
179
152
169
192
190
187
173
179
169
152
156
154
193
184
159
152
109
194
180
187
185
156
163
169
157
176
189
181
204
189
171
192
195
157
173
191
191
149
189
176
197
157
173
153
193
239
142
204
159
145
170
168
175
169
188
185
192
166
173
158
169
197
162
153
170
151
181
178
188
196
179
161
155
182
186
195
203
201
174
182
173
153
191
201
152
180
171
164
161
158
169
166
144
196
146
156
151
188
189
185
176
160
174
162
171
178
175
202
192
164
165
188
178
188
174
156
180
165
174
158
177
194
168
197
170
162
191
185
180
180
162
169
186
154
192
181
181
177
166
185
164
204
195
142
163
194
190
166
190
176
166
157
166
180
169
155
179
199
189
218
181
160
167
185
197
161
148
200
156
197
199
154
163
150
188
170
186
150
189
189
107
171
204
167
173
186
166
164
180
177
186
174
147
184
178
164
237
188
176
198
197
175
168
164
158
181
160
186
150
168
149
158
182
191
175
168
154
164
179
174
161
175
161
193
202
155
160
149
171
160
173
151
161
199
154
194
155
186
172
160
167
173
183
149
162
177
194
165
198
171
201
178
188
159
173
203
184
187
106
151
165
153
177
211
181
178
178
158
196
166
185
159
166
147
154
154
186
153
144
188
195
197
162
185
158
170
185
168
189
174
213
172
175
163
151
159
183
181
198
163
222
170
169
185
189
200
158
183
183
186
170
187
172
163
182
158
180
189
163
152
173
163
192
153
177
165
179
186
168
209
200
184
205
182
162
194
167
194
164
194
180
188
212
194
166
208
165
246
167
164
190
147
188
186
170
193
176
188
192
184
201
174
186
197
171
151
190
149
160
156
177
169
164
172
181
173
185
171
175
185
201
162
183
188
167
166
179
176
151
193
191
183
176
151
196
189
186
181
185
187
179
165
159
178
167
145
178
148
172
152
158
196
161
199
171
203
179
204
177
179
195
153
153
202
208
197
142
146
187
206
180
180
154
154
195
190
192
174
187
161
176
166
183
160
162
163
167
164
155
193
173
174
162
186
197
191
176
192
180
146
163
173
176
184
194
197
189
159
151
165
168
192
155
193
186
186
201
174
201
183
184
191
166
191
149
155
151
179
157
205
187
178
170
190
174
170
176
227
194
181
177
202
162
162
169
200
173
177
176
189
182
190
149
160
157
183
161
191
184
183
167
176
196
169
197
192
174
150
200
178
195
203
177
179
158
182
167
153
178
226
186
164
188
157
163
168
163
181
191
163
153
180
156
198
151
181
198
189
157
171
188
164
186
168
196
151
162
197
167
182
192
154
183
228
145
184
178
177
166
187
188
172
172
175
175
157
192
192
182
192
188
146
177
191
193
220
155
188
186
169
184
167
171
151
148
204
162
168
179
159
167
177
169
186
203
164
165
204
165
151
159
192
200
202
203
177
167
191
186
185
174
157
189
170
153
173
153
162
195
183
179
161
201
151
203
186
151
180
185
191
189
190
205
203
199
171
175
180
151
160
170
176
172
164
187
164
165
182
181
170
166
167
196
154
183
177
167
189
192
156
175
157
167
192
191
159
160
177
155
201
184
203
184
179
179
169
161
177
195
157
195
166
148
185
200
169
184
182
148
188
162
199
158
181
168
200
172
173
161
187
175
149
178
163
151
173
153
172
168
172
200
185
175
174
199
162
170
183
177
179
170
171
161
159
192
188
170
159
151
181
169
221
142
182
184
178
163
146
164
217
168
156
177
199
175
172
167
176
174
167
146
176
173
158
150
143
161
176
193
182
171
184
148
155
201
213
165
157
202
208
164
166
156
170
179
193
167
174
169
173
165
167
158
176
183
172
165
179
167
196
190
160
190
161
180
160
144
176
162
181
203
160
191
201
169
164
163
157
154
190
194
166
180
180
170
180
168
145
162
168
174
169
153
163
157
198
191
169
159
179
181
198
176
155
159
183
180
169
179
163
181
159
171
166
185
152
175
182
151
186
195
183
148
162
175
181
197
189
188
183
164
193
192
176
173
179
176
195
149
151
157
143
228
175
174
165
193
200
159
164
172
186
173
172
188
185
157
192
183
189
161
206
177
176
236
179
185
192
108
188
166
179
178
168
178
209
186
188
183
187
151
193
166
194
172
174
184
212
160
173
193
150
191
169
182
148
200
191
195
163
140
175
159
184
158
173
182
177
173
171
178
178
154
164
170
196
196
195
173
147
185
155
147
165
196
150
193
181
158
157
190
188
185
206
160
171
157
181
205
193
204
166
195
165
196
200
176
166
155
169
178
190
156
181
167
174
175
194
176
157
186
197
191
164
166
155
167
194
189
191
206
160
148
186
165
178
157
154
168
175
190
180
191
200
190
174
204
209
170
181
190
206
203
197
189
174
174
156
170
189
191
175
164
217
235
152
190
160
210
150
174
198
159
159
161
177
153
190
192
203
182
168
199
151
188
174
174
206
185
151
152
196
182
160
189
181
172
182
161
180
169
170
152
168
183
171
189
178
108
146
168
164
194
190
183
189
194
175
181
228
161
159
171
152
189
193
183
162
178
174
216
177
188
182
192
158
178
169
177
169
204
161
189
176
169
155
146
164
161
171
168
161
181
182
186
188
154
155
176
172
149
106
169
192
184
161
169
194
108
145
171
175
200
157
195
177
160
161
167
157
183
194
169
174
200
191
192
193
182
159
183
175
180
192
163
143
185
186
157
189
151
197
200
111
168
159
196
208
179
187
159
170
205
211
189
169
181
159
179
160
163
187
156
148
193
148
149
156
195
201
179
165
175
164
198
169
152
198
184
174
202
167
202
163
154
150
198
153
183
157
161
196
212
187
198
199
143
169
150
170
174
190
170
171
168
198
160
179
181
184
177
149
178
161
185
152
158
179
152
168
160
171
161
174
187
181
176
161
186
170
186
182
182
161
174
192
166
180
193
177
158
179
171
187
190
232
169
168
166
194
175
174
167
166
156
164
187
170
152
180
173
161
164
201
158
202
145
182
191
176
155
171
197
162
186
183
179
182
195
165
184
188
157
170
159
181
182
185
150
190
156
149
149
147
205
189
165
173
171
185
180
180
210
179
193
187
180
168
155
188
162
164
195
156
190
184
178
195
171
198
170
181
166
187
198
192
213
181
165
173
146
167
195
175
179
154
147
150
157
191
198
162
194
192
170
206
174
177
176
148
108
204
190
142
161
184
193
188
176
189
194
152
169
174
157
181
184
153
158
190
164
154
193
178
174
167
166
179
190
167
156
186
169
164
187
150
182
177
177
197
202
145
163
190
161
166
185
170
194
165
193
183
167
188
159
188
148
166
162
183
157
189
185
187
184
205
189
167
189
165
176
181
190
202
201
170
204
183
148
155
192
156
187
183
192
174
172
187
155
189
181
197
190
202
178
170
199
175
154
176
184
170
170
194
170
155
167
179
214
178
199
174
176
176
151
162
177
154
172
147
187
180
199
184
191
177
163
171
160
188
170
173
165
206
198
143
178
163
194
185
177
210
169
169
156
154
154
201
199
153
190
162
199
207
169
200
168
170
178
187
171
244
201
188
159
171
167
177
189
191
182
178
177
199
170
187
198
161
188
150
193
180
162
151
191
167
150
196
189
187
150
179
165
167
186
148
159
145
197
201
151
167
176
180
200
151
163
193
183
199
152
185
175
174
191
180
182
203
188
165
165
182
191
160
176
184
170
178
158
165
180
172
153
172
171
208
158
207
194
177
188
184
172
164
202
167
173
158
146
185
162
187
184
177
180
163
164
211
196
244
179
180
205
174
181
185
155
176
193
169
196
163
175
173
169
156
166
158
159
163
161
165
182
153
167
185
187
183
174
185
165
173
171
161
172
168
178
199
231
171
167
210
159
234
195
171
192
159
195
183
185
204
179
169
171
208
177
177
157
166
157
193
185
155
186
153
159
207
168
159
200
203
183
170
178
161
179
161
186
197
147
164
150
168
161
162
173
185
193
193
161
209
168
152
153
181
192
183
191
174
188
161
163
166
184
150
154
185
181
175
165
160
183
175
164
186
197
152
173
180
178
164
106
190
154
169
196
210
106
223
196
148
192
190
177
148
180
165
178
171
185
184
163
195
201
198
168
176
165
183
181
168
199
156
168
197
173
162
181
171
185
153
171
180
157
157
151
150
180
171
153
159
191
151
193
166
157
202
159
162
172
106
159
173
172
180
176
167
174
141
153
203
161
165
178
162
154
180
201
168
186
179
147
148
158
166
163
110
177
176
149
202
189
171
159
158
213
177
178
179
147
161
155
148
156
164
192
157
184
182
158
202
180
243
201
178
187
157
203
159
188
191
169
148
195
173
183
165
243
174
159
164
191
166
158
184
160
175
179
176
153
162
195
160
201
188
154
191
203
167
180
204
159
154
190
158
175
158
170
194
174
161
146
164
170
149
156
199
149
163
159
173
168
165
200
166
188
163
188
158
169
165
203
163
144
188
173
173
182
172
147
189
182
154
152
166
175
194
158
185
155
164
183
167
188
152
174
190
150
165
186
163
151
181
179
193
159
152
105
166
180
170
197
167
190
199
194
162
195
186
171
183
173
172
158
161
180
184
113
190
169
173
180
182
190
170
158
200
187
195
173
187
193
182
161
144
189
176
174
182
149
155
152
172
186
150
160
158
180
198
191
177
161
173
172
148
152
175
156
170
169
175
155
179
160
171
214
206
160
156
160
188
172
179
175
168
178
182
151
150
188
192
147
161
181
164
158
170
176
175
180
173
195
199
156
153
160
176
165
174
167
191
173
240
201
196
178
168
198
182
184
195
166
163
175
156
209
167
176
187
162
171
182
164
165
162
149
153
193
169
146
187
168
165
162
175
192
176
156
175
193
179
179
173
203
184
168
198
193
231
144
157
153
173
187
182
160
189
166
176
157
165
178
106
172
153
174
184
179
177
177
164
199
163
153
151
183
184
188
184
157
175
167
177
198
195
172
166
197
174
180
184
186
170
191
205
186
203
177
160
189
178
143
160
191
190
172
167
160
193
182
152
177
164
196
196
182
164
198
182
151
165
196
169
202
186
147
173
175
153
145
179
158
166
184
230
188
213
181
195
175
160
192
177
182
200
184
157
158
167
230
187
152
181
159
158
184
184
191
151
187
166
161
171
187
173
158
185
177
241
180
178
192
178
168
195
182
179
193
185
185
168
189
163
220
176
178
177
189
151
194
155
207
178
159
207
155
156
188
150
181
199
191
174
148
164
195
178
173
180
175
192
148
168
190
178
183
179
157
191
187
169
205
149
164
182
181
186
189
160
157
171
192
204
191
172
198
187
190
169
182
158
171
176
162
170
191
191
192
187
161
182
184
166
187
162
148
163
205
181
172
202
166
192
180
176
199
187
145
168
192
193
188
154
166
163
162
172
207
165
173
157
173
156
178
165
173
177
161
156
209
208
202
187
147
173
180
202
190
182
160
212
189
155
178
182
180
150
176
190
233
198
187
195
175
167
176
165
155
163
172
194
182
206
193
164
162
156
169
201
177
193
193
180
171
182
149
197
182
200
169
153
182
181
153
176
147
184
204
152
187
183
164
165
197
166
161
158
154
195
158
205
168
197
188
194
162
156
181
186
168
165
186
171
195
170
226
157
198
198
186
165
201
199
184
178
178
212
202
158
173
188
172
174
179
153
184
204
170
175
183
186
173
168
197
202
187
168
156
180
188
189
183
145
158
156
181
200
173
198
185
189
155
178
175
164
192
158
171
160
188
170
183
187
162
172
178
151
167
168
199
159
188
180
193
172
165
166
146
198
175
177
202
150
180
171
157
161
174
158
153
181
176
144
153
196
164
184
201
148
195
195
159
181
184
166
168
188
189
181
173
173
189
187
186
172
172
162
175
185
195
191
166
180
175
191
153
151
194
146
171
150
183
188
177
142
160
198
187
182
170
186
191
182
172
167
173
186
172
165
193
106
161
158
177
176
157
171
164
175
181
169
158
172
201
150
150
162
141
187
213
187
146
188
159
184
153
157
191
164
205
187
179
218
159
170
157
162
174
179
181
159
171
242
152
157
177
180
165
151
187
199
192
157
173
193
154
154
153
160
179
148
179
181
155
193
201
175
199
184
163
194
199
205
184
147
152
201
175
172
170
158
203
201
150
171
167
179
188
166
164
215
172
181
171
202
157
187
200
164
160
174
146
142
175
178
158
159
191
184
157
159
199
152
205
154
200
162
190
183
163
175
192
210
201
186
179
152
159
192
192
163
196
152
203
202
188
197
184
152
202
160
164
169
162
187
168
155
171
181
195
187
160
197
177
193
182
208
162
204
200
201
190
160
185
165
149
187
168
186
167
153
164
151
190
195
167
149
186
150
175
163
172
192
187
186
197
159
186
171
182
199
175
160
181
176
185
160
147
146
159
182
170
181
166
173
180
174
194
175
168
150
169
154
180
215
156
161
190
174
204
198
203
176
151
154
180
189
195
207
195
202
161
183
193
182
175
189
181
192
200
191
187
160
194
192
179
208
169
168
172
186
196
192
159
166
175
169
170
186
190
185
150
154
167
224
164
190
171
166
159
110
171
189
192
200
162
169
183
182
162
181
163
187
189
176
168
174
197
195
153
178
189
174
189
185
150
203
199
184
191
184
186
175
170
194
189
167
190
180
190
170
195
206
184
179
177
145
186
148
155
162
176
176
177
181
188
161
175
189
206
203
189
174
203
189
156
153
170
153
157
141
190
190
199
181
185
202
174
176
180
179
180
159
161
183
185
169
194
188
173
192
158
161
174
207
180
201
176
200
152
185
159
174
159
175
174
194
159
190
192
163
167
179
169
197
162
229
163
171
161
168
166
159
155
185
168
171
156
162
195
168
163
186
197
180
163
170
186
149
214
203
188
186
178
166
175
204
168
223
151
152
201
146
159
175
160
153
188
162
178
171
195
180
199
169
196
219
147
175
183
153
178
162
175
186
192
153
183
149
189
174
183
156
149
157
173
149
174
175
158
171
200
152
180
199
185
162
173
191
147
161
167
156
190
165
194
190
191
170
196
196
183
188
175
165
200
184
183
165
153
165
175
175
154
158
198
165
204
159
182
170
168
153
185
174
164
163
149
190
195
154
178
194
188
178
182
157
154
192
148
195
161
199
154
188
165
184
147
175
161
175
202
153
168
169
193
163
200
161
160
195
189
184
159
155
144
169
199
193
174
170
151
187
198
172
168
175
164
184
160
179
160
160
207
196
177
144
186
159
184
174
172
165
174
197
186
178
184
153
184
181
184
154
192
160
186
191
191
174
172
173
162
182
183
205
161
173
176
206
183
178
140
169
190
197
185
153
170
146
183
199
173
153
189
185
168
157
181
172
194
158
169
187
187
164
187
192
160
194
169
201
109
193
183
172
186
178
166
181
191
199
179
162
147
194
185
194
176
166
194
240
179
196
154
190
190
185
205
157
186
185
196
200
178
211
204
183
193
167
190
160
163
199
189
165
180
159
198
154
168
181
159
191
188
181
149
166
166
169
166
188
148
176
173
161
179
181
183
205
174
165
166
169
169
190
176
208
191
156
200
149
183
169
177
200
172
169
176
183
152
164
151
173
161
155
158
198
189
167
236
191
174
144
165
191
152
152
145
184
178
183
193
174
191
195
181
190
191
186
163
162
205
182
176
170
166
166
184
164
167
191
174
158
179
194
193
159
189
159
167
176
167
171
158
160
172
185
172
173
153
180
153
166
182
163
170
175
202
177
153
170
174
174
169
188
171
171
165
200
158
159
179
185
180
176
164
160
171
187
196
172
158
175
153
191
176
166
167
208
167
180
156
170
181
192
162
174
167
202
197
164
181
162
192
189
182
178
168
168
165
154
188
157
165
194
181
189
155
156
184
195
193
179
148
165
163
172
189
186
156
181
153
160
160
227
164
188
158
152
179
149
170
179
188
156
190
170
180
166
158
155
149
189
190
196
168
150
187
160
158
191
177
180
170
182
174
189
162
161
185
186
166
169
179
153
152
190
163
163
163
165
159
172
160
176
169
185
160
165
176
183
192
194
185
201
157
200
186
191
183
175
191
196
182
201
149
178
170
173
193
183
161
177
192
171
155
149
247
189
153
179
163
154
175
167
161
162
179
195
147
165
143
156
180
168
194
230
201
166
202
174
174
168
152
174
198
149
147
222
207
180
164
165
163
191
209
168
194
185
164
178
165
194
162
167
199
189
155
165
151
162
184
177
152
184
156
160
161
181
166
165
164
178
153
159
194
176
182
163
185
200
154
167
192
210
166
192
206
184
167
153
200
172
157
171
168
186
184
150
159
175
162
234
161
176
144
185
180
204
165
165
155
179
193
198
171
156
174
197
200
166
162
195
154
182
177
197
159
193
182
192
203
158
172
181
180
155
157
167
203
173
178
197
175
186
192
203
182
221
163
172
160
174
187
182
188
238
176
166
172
145
151
189
196
195
170
162
190
176
156
160
194
168
194
194
186
170
152
178
170
166
199
153
203
192
198
202
172
155
195
179
156
150
158
172
167
207
161
159
151
154
192
157
164
111
156
170
166
188
159
182
155
200
190
192
207
149
164
150
233
159
229
198
189
150
184
190
180
183
165
159
175
167
195
156
171
184
190
196
179
159
170
170
229
158
165
178
164
197
193
185
165
153
196
189
163
156
177
162
157
171
198
175
182
191
159
198
154
183
155
178
189
162
169
166
193
167
155
177
173
106
206
188
188
177
173
156
206
199
183
161
206
178
189
194
187
197
172
162
183
184
169
205
194
186
161
194
176
187
175
185
172
184
184
193
191
149
181
184
203
179
175
183
164
179
161
165
165
200
245
180
204
186
190
164
150
188
187
163
163
187
182
177
158
180
155
201
154
154
168
174
190
181
163
183
227
165
193
186
162
154
173
178
157
174
155
152
171
172
160
155
164
182
173
164
198
185
170
163
164
156
197
170
149
168
175
163
188
153
166
173
154
186
181
180
191
190
176
154
154
156
187
152
165
189
152
178
149
182
198
172
183
173
186
174
185
170
191
201
182
204
188
177
156
181
167
164
171
174
165
150
148
171
153
190
170
185
189
149
188
175
182
192
181
201
167
180
192
153
193
157
183
178
161
161
163
175
163
187
177
169
183
205
196
155
153
181
157
176
171
186
162
175
192
194
196
162
172
193
163
182
173
175
188
200
148
200
162
153
172
168
160
181
169
160
167
207
205
180
170
161
187
172
182
171
140
204
225
158
160
191
163
157
189
189
152
197
164
187
178
151
164
167
194
194
169
176
156
178
176
178
198
152
179
191
186
169
184
158
170
184
154
196
183
185
181
166
187
241
155
184
157
168
185
161
189
155
169
164
212
154
173
163
165
158
167
161
188
162
174
155
232
169
238
162
154
209
181
149
164
183
147
150
158
171
171
149
201
171
180
183
201
186
184
186
193
157
167
192
174
167
152
164
166
146
159
179
172
172
161
179
204
163
164
193
155
190
197
203
151
175
182
194
148
141
155
168
173
183
174
185
179
196
112
153
177
173
173
163
179
177
179
168
190
172
192
183
186
178
182
204
166
150
210
163
156
178
178
174
205
184
195
187
192
189
187
185
178
219
191
182
189
167
172
193
173
202
171
177
216
207
105
166
187
151
192
181
151
198
167
203
179
181
159
184
145
180
187
163
149
197
180
190
191
152
198
178
165
164
182
190
162
197
154
184
157
163
146
176
189
199
188
159
175
197
201
159
184
192
162
162
176
164
152
198
196
183
191
201
183
170
172
176
155
187
183
190
178
193
186
149
188
183
188
191
191
151
151
177
177
175
175
181
168
154
164
200
143
169
153
171
150
169
185
152
170
211
149
147
158
188
186
144
169
160
171
196
170
177
165
172
198
206
172
172
165
199
184
178
106
184
177
146
147
191
168
164
188
186
169
182
177
181
178
151
106
165
172
155
146
156
173
184
156
170
166
192
192
202
175
177
166
160
185
147
185
174
156
183
174
179
199
161
149
193
190
167
166
163
169
193
196
193
173
210
183
183
171
149
191
154
179
173
182
160
171
160
177
175
189
158
177
169
180
145
178
185
169
151
166
182
181
182
160
173
196
189
196
181
194
161
169
190
192
187
195
185
196
167
160
180
205
162
172
164
161
158
196
145
186
161
192
165
188
171
187
171
160
164
207
179
154
209
179
148
165
163
148
164
171
144
199
145
150
167
177
164
178
163
151
173
166
168
182
200
179
168
192
191
171
185
191
172
177
183
183
174
172
179
171
190
205
198
197
170
172
156
173
198
175
156
153
192
158
187
164
184
175
163
186
184
173
202
158
167
187
176
166
149
150
206
180
168
188
169
147
158
204
151
204
159
168
155
182
168
189
168
194
195
176
202
201
166
163
168
168
182
188
167
173
157
170
160
170
184
196
159
177
199
155
156
187
177
159
150
148
186
164
164
174
148
182
193
183
179
158
162
160
182
168
187
167
188
200
171
193
183
190
154
184
186
173
183
204
163
174
174
183
165
190
165
185
185
198
167
163
187
167
149
171
239
166
176
179
187
190
187
186
225
160
155
178
155
160
160
166
203
194
187
186
147
186
173
181
155
194
152
172
171
162
156
207
183
195
181
160
172
165
164
177
174
194
166
187
185
180
195
197
170
171
168
187
195
152
201
185
191
176
181
168
198
175
152
152
201
172
184
166
110
177
172
169
143
205
180
168
201
148
156
146
172
187
170
198
184
172
166
153
193
161
201
170
153
161
